Robot id	t = 0	t = 5	t = 10	t = 15	t = 20	t = 25	t = 30	t = 35	t = 40	t = 45	t = 50	t = 55	t = 60	t = 65	t = 70	t = 75	t = 80	t = 85	t = 90	t = 95	t = 100	t = 105	t = 110	t = 115	t = 120	t = 125	t = 130	t = 135	t = 140	t = 145	t = 150	t = 155	t = 160	t = 165	t = 170	t = 175	t = 180	t = 185	t = 190	t = 195	t = 200	t = 205	t = 210	t = 215	t = 220	t = 225	t = 230	t = 235	t = 240	t = 245	t = 250	t = 255	t = 260	t = 265	t = 270	t = 275	t = 280	t = 285	t = 290	t = 295	t = 300	t = 305	t = 310	t = 315	t = 320	t = 325	t = 330	t = 335	t = 340	t = 345	t = 350	t = 355	t = 360	t = 365	t = 370	t = 375	t = 380	t = 385	t = 390	t = 395	t = 400	t = 405	t = 410	t = 415	t = 420	t = 425	t = 430	t = 435	t = 440	t = 445	t = 450	t = 455	t = 460	t = 465	t = 470	t = 475	t = 480	t = 485	t = 490	t = 495	t = 500	t = 505	t = 510	t = 515	t = 520	t = 525	t = 530	t = 535	t = 540	t = 545	t = 550	t = 555	t = 560	t = 565	t = 570	t = 575	t = 580	t = 585	t = 590	t = 595	t = 600	t = 605	t = 610	t = 615	t = 620	t = 625	t = 630	t = 635	t = 640	t = 645	t = 650	t = 655	t = 660	t = 665	t = 670	t = 675	t = 680	t = 685	t = 690	t = 695	t = 700	t = 705	t = 710	t = 715	t = 720	t = 725	t = 730	t = 735	t = 740	t = 745	t = 750	t = 755	t = 760	t = 765	t = 770	t = 775	t = 780	t = 785	t = 790	t = 795	t = 800	t = 805	t = 810	t = 815	t = 820	t = 825	t = 830	t = 835	t = 840	t = 845	t = 850	t = 855	t = 860	t = 865	t = 870	t = 875	t = 880	t = 885	t = 890	t = 895	t = 900	t = 905	t = 910	t = 915	t = 920	t = 925	t = 930	t = 935	t = 940	t = 945	t = 950	t = 955	t = 960	t = 965	t = 970	t = 975	t = 980	t = 985	t = 990	t = 995	t = 1000	t = 1005	t = 1010	t = 1015	t = 1020	t = 1025	t = 1030	t = 1035	t = 1040	t = 1045	t = 1050	t = 1055	t = 1060	t = 1065	t = 1070	t = 1075	t = 1080	t = 1085	t = 1090	t = 1095	t = 1100	t = 1105	t = 1110	t = 1115	t = 1120	t = 1125	t = 1130	t = 1135	t = 1140	t = 1145	t = 1150	t = 1155	t = 1160	t = 1165	t = 1170	t = 1175	t = 1180	t = 1185	t = 1190	t = 1195	t = 1200	t = 1205	t = 1210	t = 1215	t = 1220	t = 1225	t = 1230	t = 1235	t = 1240	t = 1245	t = 1250	t = 1255	t = 1260	t = 1265	t = 1270	t = 1275	t = 1280	t = 1285	t = 1290	t = 1295	t = 1300	t = 1305	t = 1310	t = 1315	t = 1320	t = 1325	t = 1330	t = 1335	t = 1340	t = 1345	t = 1350	t = 1355	t = 1360	t = 1365	t = 1370	t = 1375	t = 1380	t = 1385	t = 1390	t = 1395	t = 1400	t = 1405	t = 1410	t = 1415	t = 1420	t = 1425	t = 1430	t = 1435	t = 1440	t = 1445	t = 1450	t = 1455	t = 1460	t = 1465	t = 1470	t = 1475	t = 1480	t = 1485	t = 1490	t = 1495	t = 1500	t = 1505	t = 1510	t = 1515	t = 1520	t = 1525	t = 1530	t = 1535	t = 1540	t = 1545	t = 1550	t = 1555	t = 1560	t = 1565	t = 1570	t = 1575	t = 1580	t = 1585	t = 1590	t = 1595	t = 1600	t = 1605	t = 1610	t = 1615	t = 1620	t = 1625	t = 1630	t = 1635	t = 1640	t = 1645	t = 1650	t = 1655	t = 1660	t = 1665	t = 1670	t = 1675	t = 1680	t = 1685	t = 1690	t = 1695	t = 1700	t = 1705	t = 1710	t = 1715	t = 1720	t = 1725	t = 1730	t = 1735	t = 1740	t = 1745	t = 1750	t = 1755	t = 1760	t = 1765	t = 1770	t = 1775	t = 1780	t = 1785	t = 1790	t = 1795	t = 1800	t = 1805	t = 1810	t = 1815	t = 1820	t = 1825	t = 1830	t = 1835	t = 1840	t = 1845	t = 1850	t = 1855	t = 1860	t = 1865	t = 1870	t = 1875	t = 1880	t = 1885	t = 1890	t = 1895	t = 1900	t = 1905	t = 1910	t = 1915	t = 1920	t = 1925	t = 1930	t = 1935	t = 1940	t = 1945	t = 1950	t = 1955	t = 1960	t = 1965	t = 1970	t = 1975	t = 1980	t = 1985	t = 1990	t = 1995	t = 2000	t = 2005	t = 2010	t = 2015	t = 2020	t = 2025	t = 2030	t = 2035	t = 2040	t = 2045	t = 2050	t = 2055	t = 2060	t = 2065	t = 2070	t = 2075	t = 2080	t = 2085	t = 2090	t = 2095	t = 2100	t = 2105	t = 2110	t = 2115	t = 2120	t = 2125	t = 2130	t = 2135	t = 2140	t = 2145	t = 2150	t = 2155	t = 2160	t = 2165	t = 2170	t = 2175	t = 2180	t = 2185	t = 2190	t = 2195	t = 2200	t = 2205	t = 2210	t = 2215	t = 2220	t = 2225	t = 2230	t = 2235	t = 2240	t = 2245	t = 2250	t = 2255	t = 2260	t = 2265	t = 2270	t = 2275	t = 2280	t = 2285	t = 2290	t = 2295	t = 2300	t = 2305	t = 2310	t = 2315	t = 2320	t = 2325	t = 2330	t = 2335	t = 2340	t = 2345	t = 2350	t = 2355	t = 2360	t = 2365	t = 2370	t = 2375	t = 2380	t = 2385	t = 2390	t = 2395	t = 2400
1	-0.09788,-0.08258	-0.09432,-0.08125	-0.08906,-0.07919	-0.0838,-0.07714	-0.07854,-0.07508	-0.07328,-0.07303	-0.06802,-0.07097	-0.06276,-0.06892	-0.0575,-0.06686	-0.05224,-0.06481	-0.04698,-0.06275	-0.04172,-0.0607	-0.03687,-0.05883	-0.03676,-0.05909	-0.03664,-0.05935	-0.03649,-0.05942	-0.03771,-0.05826	-0.03766,-0.0579	-0.03835,-0.05633	-0.04045,-0.05237	-0.04043,-0.04983	-0.04003,-0.04772	-0.03962,-0.04561	-0.03922,-0.0435	-0.03868,-0.04109	-0.03763,-0.03914	-0.03399,-0.03901	-0.02835,-0.03936	-0.02272,-0.03972	-0.01734,-0.04036	-0.01174,-0.04112	-0.006804,-0.04196	-0.002815,-0.04405	0.0001748,-0.04742	0.001776,-0.05163	0.00178,-0.05614	0.001149,-0.06064	0.0007678,-0.06343	0.002512,-0.06617	0.00461,-0.06896	0.006706,-0.07174	0.008802,-0.07452	0.0109,-0.07731	0.01299,-0.08009	0.01509,-0.08288	0.01719,-0.08566	0.01641,-0.0874	0.01275,-0.08881	0.01236,-0.0923	0.01243,-0.09492	0.01331,-0.09833	0.01284,-0.1018	0.01363,-0.1056	0.01388,-0.1095	0.01452,-0.114	0.01521,-0.1186	0.0159,-0.1231	0.01659,-0.1276	0.01727,-0.1322	0.01796,-0.1367	0.01683,-0.1419	0.01511,-0.1474	0.01425,-0.152	0.01244,-0.1557	0.01222,-0.161	0.01212,-0.1665	0.01205,-0.1721	0.01197,-0.1777	0.01156,-0.1835	0.009545,-0.1869	0.008155,-0.1897	0.005085,-0.1941	0.0005842,-0.2038	4.668e-05,-0.212	0.000391,-0.2181	0.0007237,-0.2238	0.001056,-0.2294	0.001389,-0.2351	0.001722,-0.2407	0.002041,-0.2445	0.001714,-0.2453	0.002681,-0.2463	0.001411,-0.2493	0.0002003,-0.2522	-0.00101,-0.2551	-0.003066,-0.2587	-0.006767,-0.2643	-0.009281,-0.2703	-0.01055,-0.2749	-0.01339,-0.2819	-0.01457,-0.2865	-0.01558,-0.2906	-0.0162,-0.2942	-0.01869,-0.2996	-0.02311,-0.3067	-0.02459,-0.3106	-0.02591,-0.3142	-0.02723,-0.3178	-0.02855,-0.3214	-0.02987,-0.325	-0.02851,-0.3263	-0.02886,-0.3299	-0.02988,-0.336	-0.03184,-0.342	-0.034,-0.3483	-0.03488,-0.3527	-0.03575,-0.3571	-0.03493,-0.3595	-0.03246,-0.3606	-0.03203,-0.3644	-0.03363,-0.3687	-0.03674,-0.3733	-0.0399,-0.378	-0.04306,-0.3827	-0.04622,-0.3874	-0.04937,-0.392	-0.05253,-0.3967	-0.05558,-0.4013	-0.0588,-0.4044	-0.06293,-0.4062	-0.06827,-0.4069	-0.07362,-0.4078	-0.07917,-0.4088	-0.08444,-0.4087	-0.09057,-0.4075	-0.09748,-0.4069	-0.1032,-0.4077	-0.1088,-0.4087	-0.1143,-0.4097	-0.1199,-0.4107	-0.1255,-0.4117	-0.131,-0.4127	-0.1366,-0.4137	-0.1417,-0.4147	-0.147,-0.4165	-0.1524,-0.4183	-0.1576,-0.4199	-0.1606,-0.4186	-0.1634,-0.4173	-0.1662,-0.4159	-0.169,-0.4146	-0.1718,-0.4133	-0.1746,-0.412	-0.1774,-0.4107	-0.1802,-0.4093	-0.183,-0.408	-0.1858,-0.4067	-0.1886,-0.4054	-0.1914,-0.4041	-0.1944,-0.4022	-0.1969,-0.401	-0.1996,-0.4002	-0.2031,-0.3997	-0.2065,-0.3981	-0.2099,-0.3965	-0.2126,-0.3948	-0.2152,-0.3926	-0.2177,-0.3896	-0.2192,-0.3886	-0.2206,-0.3877	-0.222,-0.3868	-0.2234,-0.3859	-0.2248,-0.385	-0.2263,-0.3842	-0.2277,-0.3833	-0.2291,-0.3824	-0.2305,-0.3815	-0.2324,-0.3812	-0.2363,-0.3816	-0.2398,-0.3795	-0.2433,-0.3773	-0.2464,-0.3739	-0.2494,-0.372	-0.2524,-0.3701	-0.2554,-0.3682	-0.2583,-0.3658	-0.2603,-0.3641	-0.2623,-0.3625	-0.2642,-0.3608	-0.2662,-0.3592	-0.2682,-0.3576	-0.2701,-0.356	-0.2721,-0.3543	-0.2741,-0.3527	-0.276,-0.3511	-0.278,-0.3494	-0.28,-0.3478	-0.282,-0.3462	-0.2839,-0.3446	-0.2859,-0.3429	-0.2879,-0.3413	-0.2898,-0.3397	-0.2918,-0.338	-0.2937,-0.3359	-0.2954,-0.3345	-0.2971,-0.3332	-0.2987,-0.3318	-0.3004,-0.3304	-0.3021,-0.329	-0.3032,-0.3278	-0.3046,-0.3268	-0.3059,-0.3255	-0.3072,-0.3241	-0.3085,-0.3227	-0.3098,-0.3213	-0.311,-0.32	-0.3123,-0.3186	-0.3136,-0.3172	-0.3149,-0.3159	-0.3162,-0.3145	-0.3175,-0.3131	-0.3188,-0.3118	-0.32,-0.3104	-0.3213,-0.309	-0.3226,-0.3077	-0.326,-0.3073	-0.3303,-0.3059	-0.3338,-0.3031	-0.3362,-0.299	-0.3379,-0.2943	-0.338,-0.2898	-0.3365,-0.2855	-0.3334,-0.2812	-0.33,-0.2766	-0.3266,-0.2721	-0.3232,-0.2676	-0.3199,-0.2642	-0.3155,-0.2609	-0.311,-0.2575	-0.3064,-0.2541	-0.3019,-0.2507	-0.2968,-0.2483	-0.2934,-0.2441	-0.2897,-0.2398	-0.286,-0.2356	-0.2823,-0.2314	-0.2793,-0.2279	-0.2757,-0.2236	-0.2716,-0.2199	-0.2684,-0.2155	-0.265,-0.2113	-0.262,-0.2069	-0.2593,-0.2027	-0.2559,-0.1981	-0.2533,-0.1936	-0.25,-0.1892	-0.2467,-0.1855	-0.2441,-0.182	-0.2415,-0.1779	-0.2382,-0.1738	-0.2346,-0.1696	-0.231,-0.1654	-0.2274,-0.1613	-0.2239,-0.1575	-0.2201,-0.1539	-0.2167,-0.1503	-0.213,-0.1465	-0.2114,-0.1431	-0.2081,-0.1401	-0.2055,-0.1352	-0.2028,-0.1302	-0.2001,-0.1252	-0.1974,-0.1203	-0.1949,-0.1156	-0.193,-0.1104	-0.191,-0.1051	-0.1891,-0.09976	-0.1872,-0.09446	-0.1852,-0.08916	-0.1836,-0.08431	-0.1819,-0.07901	-0.1803,-0.07367	-0.1786,-0.06833	-0.1768,-0.063	-0.1748,-0.0587	-0.1713,-0.05457	-0.1676,-0.0503	-0.1639,-0.04602	-0.1603,-0.04175	-0.1566,-0.03748	-0.1529,-0.03321	-0.1492,-0.02894	-0.1455,-0.02466	-0.1421,-0.02099	-0.1377,-0.01833	-0.1327,-0.01565	-0.1277,-0.01296	-0.1228,-0.01027	-0.1178,-0.007589	-0.1128,-0.004903	-0.1079,-0.002218	-0.1029,0.0004675	-0.09793,0.003153	-0.09296,0.005838	-0.08799,0.008524	-0.08302,0.01121	-0.07806,0.01389	-0.07309,0.01658	-0.06812,0.01927	-0.06315,0.02195	-0.05818,0.02464	-0.05322,0.02732	-0.04859,0.02976	-0.04419,0.03075	-0.03858,0.0307	-0.03294,0.03064	-0.02729,0.03057	-0.02164,0.0305	-0.016,0.03044	-0.01035,0.03037	-0.004889,0.03031	-0.0003134,0.02929	0.00477,0.02729	0.009836,0.02489	0.01493,0.02245	0.02002,0.02001	0.02512,0.01757	0.03021,0.01513	0.0353,0.01269	0.0404,0.01026	0.04549,0.007817	0.05058,0.005378	0.05551,0.00302	0.0591,0.0002953	0.06148,-0.003524	0.06266,-0.00854	0.06368,-0.01409	0.06512,-0.01908	0.06694,-0.02443	0.06875,-0.02977	0.07057,-0.03512	0.07238,-0.04047	0.07414,-0.04572	0.07335,-0.04614	0.07255,-0.04656	0.07175,-0.04698	0.07096,-0.0474	0.07016,-0.04783	0.06937,-0.04825	0.06897,-0.04833	0.06502,-0.05148	0.06189,-0.05492	0.05972,-0.05846	0.05856,-0.06191	0.05864,-0.06616	0.05979,-0.06879	0.06209,-0.07073	0.06531,-0.07106	0.06509,-0.0671	0.06291,-0.06316	0.0591,-0.0597	0.05474,-0.05611	0.05038,-0.05252	0.04602,-0.04893	0.04167,-0.04533	0.03731,-0.04174	0.03309,-0.03827	0.02853,-0.03501	0.02392,-0.03174	0.01932,-0.02848	0.01471,-0.02521	0.0101,-0.02194	0.005498,-0.01868	0.0008914,-0.01541	-0.003715,-0.01214	-0.008321,-0.008877	-0.01293,-0.005611	-0.01753,-0.002344	-0.02214,0.0009223	-0.02675,0.004189	-0.03135,0.007455	-0.03596,0.01072	-0.04057,0.01399	-0.04517,0.01726	-0.04978,0.02052	-0.0538,0.02264	-0.05922,0.02407	-0.06469,0.02549	-0.07015,0.02691	-0.07544,0.02829	-0.08078,0.02897	-0.08639,0.02959	-0.092,0.03021	-0.09761,0.03082	-0.103,0.03136	-0.1087,0.03157	-0.1143,0.03178	-0.1199,0.03198	-0.1256,0.03219	-0.1312,0.0324	-0.1369,0.03261	-0.1425,0.03282	-0.1475,0.03284	-0.153,0.03185	-0.1586,0.03084	-0.164,0.02986	-0.1693,0.02957	-0.1746,0.02933	-0.1795,0.02792	-0.1849,0.02611	-0.1902,0.02431	-0.1956,0.0225	-0.2008,0.02076	-0.2056,0.01841	-0.2106,0.01585	-0.2157,0.01329	-0.2203,0.01087	-0.2236,0.007814	-0.2256,0.003783	-0.2261,-0.0006988	-0.2249,-0.00505	-0.2223,-0.009997	-0.2195,-0.01466	-0.2165,-0.01942	-0.2134,-0.02419	-0.2104,-0.02896	-0.2074,-0.03372	-0.2049,-0.03828	-0.2026,-0.04343	-0.2004,-0.04819	-0.1973,-0.05257	-0.1939,-0.0571	-0.1905,-0.06163	-0.1872,-0.06617	-0.1844,-0.07054	-0.1817,-0.07551	-0.1791,-0.08032	-0.1761,-0.08506	-0.1731,-0.08982	-0.1701,-0.09459	-0.167,-0.09936	-0.164,-0.1041	-0.161,-0.1089	-0.1581,-0.1133	-0.1546,-0.1164	-0.1499,-0.1194	-0.1451,-0.1225	-0.1405,-0.1254	-0.1373,-0.1286	-0.1354,-0.1326	-0.135,-0.1371	-0.1364,-0.1419	-0.1381,-0.1466	-0.1382,-0.1513	-0.1375,-0.1569	-0.1367,-0.1625	-0.136,-0.1681	-0.1353,-0.1737	-0.1345,-0.1793	-0.1338,-0.1849	-0.133,-0.1905	-0.1326,-0.1959	-0.1323,-0.2015	-0.132,-0.2071	-0.1316,-0.2128	-0.131,-0.2175	-0.1291,-0.2228	-0.1272,-0.2281	-0.1252,-0.2334	-0.1233,-0.2387	-0.1214,-0.244	-0.1194,-0.2493	-0.1179,-0.2541	-0.1171,-0.2596	-0.1166,-0.265	-0.1162,-0.2707	-0.1159,-0.2761	-0.1166,-0.2806	-0.1186,-0.2858	-0.1207,-0.291	-0.1227,-0.2961	-0.1253,-0.3008	-0.1281,-0.3057	-0.1309,-0.3106	-0.1337,-0.3155	-0.1365,-0.3204	-0.1393,-0.3253	-0.1421,-0.3302	-0.1449,-0.3351	-0.1478,-0.34	-0.1506,-0.3449
2	0.0433,-0.3082	0.04123,-0.3111	0.03776,-0.3155	0.03429,-0.32	0.03082,-0.3244	0.02735,-0.3289	0.02388,-0.3334	0.02042,-0.3378	0.01713,-0.3421	0.01399,-0.3468	0.01074,-0.3506	0.006661,-0.3545	0.002651,-0.3581	-0.001698,-0.3617	-0.006047,-0.3653	-0.0104,-0.3689	-0.01475,-0.3725	-0.01909,-0.3761	-0.02344,-0.3797	-0.02779,-0.3833	-0.03214,-0.3869	-0.0361,-0.39	-0.04073,-0.3917	-0.04619,-0.3931	-0.05165,-0.3945	-0.05625,-0.3964	-0.06127,-0.399	-0.06613,-0.4015	-0.07128,-0.4037	-0.07648,-0.4059	-0.08168,-0.4081	-0.08687,-0.4103	-0.09207,-0.4125	-0.09727,-0.4147	-0.1025,-0.4169	-0.1067,-0.4191	-0.1103,-0.4228	-0.1141,-0.427	-0.1172,-0.43	-0.1187,-0.4301	-0.1205,-0.4295	-0.1222,-0.429	-0.124,-0.4284	-0.1257,-0.4278	-0.1274,-0.4273	-0.1292,-0.4267	-0.1309,-0.4262	-0.1327,-0.4256	-0.1344,-0.425	-0.1362,-0.4245	-0.1379,-0.4239	-0.1396,-0.4233	-0.1414,-0.4228	-0.1431,-0.4222	-0.1449,-0.4216	-0.1466,-0.4211	-0.1483,-0.4205	-0.1501,-0.4199	-0.1514,-0.4195	-0.1516,-0.4194	-0.1516,-0.4194	-0.1516,-0.4194	-0.1516,-0.4194	-0.1518,-0.419	-0.1518,-0.419	-0.1518,-0.419	-0.1518,-0.419	-0.1518,-0.419	-0.1521,-0.4189	-0.1534,-0.4185	-0.1547,-0.4181	-0.1561,-0.4176	-0.1574,-0.4172	-0.1593,-0.4158	-0.1605,-0.4151	-0.1605,-0.4151	-0.1605,-0.4151	-0.1605,-0.4151	-0.1605,-0.4151	-0.1605,-0.4151	-0.1605,-0.4151	-0.1605,-0.4151	-0.1605,-0.4151	-0.1605,-0.4151	-0.1607,-0.415	-0.1607,-0.415	-0.1607,-0.415	-0.1607,-0.415	-0.1607,-0.415	-0.1607,-0.415	-0.1607,-0.415	-0.1607,-0.415	-0.1607,-0.415	-0.1608,-0.4149	-0.1617,-0.4151	-0.1612,-0.4168	-0.1591,-0.4201	-0.1557,-0.4231	-0.1509,-0.4251	-0.1456,-0.427	-0.1403,-0.4289	-0.1352,-0.4306	-0.1297,-0.4322	-0.1243,-0.4337	-0.1197,-0.4354	-0.1147,-0.437	-0.1099,-0.4379	-0.1051,-0.439	-0.1001,-0.4404	-0.095,-0.4414	-0.08992,-0.4424	-0.08484,-0.4433	-0.0789,-0.4414	-0.07478,-0.4422	-0.06974,-0.4408	-0.06584,-0.4401	-0.06379,-0.4402	-0.06393,-0.4411	-0.06627,-0.4427	-0.07032,-0.4444	-0.07523,-0.4447	-0.08087,-0.4445	-0.08626,-0.4438	-0.09141,-0.4428	-0.0954,-0.4408	-0.09729,-0.4374	-0.09922,-0.4348	-0.1021,-0.433	-0.1038,-0.4327	-0.1037,-0.4338	-0.1017,-0.4364	-0.09837,-0.4394	-0.09378,-0.4411	-0.08834,-0.4427	-0.08291,-0.4442	-0.07747,-0.4458	-0.07237,-0.4467	-0.06696,-0.4471	-0.06132,-0.4474	-0.05569,-0.4477	-0.05027,-0.448	-0.04478,-0.4484	-0.03948,-0.4484	-0.03483,-0.4482	-0.03032,-0.4461	-0.0256,-0.4459	-0.02118,-0.4457	-0.01643,-0.4455	-0.01154,-0.4459	-0.006925,-0.4471	-0.002138,-0.4495	0.001961,-0.4495	0.006182,-0.4509	0.01068,-0.451	0.01489,-0.4494	0.01918,-0.4461	0.02362,-0.4426	0.02806,-0.4391	0.03202,-0.4358	0.03591,-0.4317	0.0398,-0.4276	0.0431,-0.4236	0.04636,-0.419	0.04962,-0.4144	0.05287,-0.4098	0.05613,-0.4051	0.05938,-0.4005	0.06264,-0.3959	0.06579,-0.3915	0.06942,-0.3875	0.07331,-0.3834	0.0772,-0.3793	0.08109,-0.3752	0.08498,-0.3711	0.08887,-0.367	0.09275,-0.3629	0.09976,-0.362	0.1048,-0.3598	0.1078,-0.3556	0.1103,-0.3506	0.1138,-0.3459	0.1174,-0.3413	0.1195,-0.3366	0.1209,-0.3317	0.1225,-0.3267	0.1242,-0.3214	0.126,-0.3161	0.1278,-0.3107	0.1295,-0.3058	0.13,-0.303	0.126,-0.3029	0.1214,-0.303	0.1169,-0.303	0.1137,-0.3016	0.112,-0.2997	0.1097,-0.2982	0.1096,-0.2963	0.1088,-0.292	0.1065,-0.2882	0.103,-0.2853	0.09792,-0.2829	0.09283,-0.2805	0.08773,-0.278	0.08264,-0.2756	0.07755,-0.2731	0.07245,-0.2707	0.06736,-0.2683	0.06226,-0.2658	0.05717,-0.2634	0.05207,-0.261	0.04715,-0.2586	0.04321,-0.2557	0.03903,-0.2519	0.03484,-0.2481	0.03066,-0.2443	0.02647,-0.2405	0.02229,-0.2367	0.0181,-0.2329	0.01426,-0.2294	0.01067,-0.225	0.007077,-0.2207	0.003483,-0.2163	-0.000111,-0.212	-0.003705,-0.2076	-0.007299,-0.2033	-0.01089,-0.1989	-0.0143,-0.1947	-0.01757,-0.1901	-0.02084,-0.1855	-0.0241,-0.1809	-0.02737,-0.1763	-0.03064,-0.1717	-0.03391,-0.1671	-0.03718,-0.1625	-0.04045,-0.1579	-0.04372,-0.1533	-0.04699,-0.1486	-0.05026,-0.144	-0.05333,-0.1398	-0.05662,-0.1361	-0.05955,-0.1313	-0.06248,-0.1265	-0.0654,-0.1216	-0.06833,-0.1168	-0.07126,-0.112	-0.07419,-0.1072	-0.07712,-0.1026	-0.08038,-0.09799	-0.08365,-0.09339	-0.08692,-0.08878	-0.09019,-0.08418	-0.09231,-0.08016	-0.09287,-0.07569	-0.09182,-0.07064	-0.09041,-0.06518	-0.089,-0.05971	-0.08759,-0.05424	-0.08618,-0.04877	-0.08478,-0.0433	-0.08337,-0.03783	-0.08196,-0.03237	-0.08055,-0.0269	-0.07914,-0.02143	-0.07773,-0.01596	-0.07632,-0.01049	-0.07491,-0.005024	-0.0735,0.0004445	-0.07214,0.005732	-0.07016,0.009778	-0.06687,0.01286	-0.06218,0.01498	-0.05692,0.01705	-0.05167,0.01913	-0.04642,0.0212	-0.04117,0.02328	-0.03592,0.02536	-0.03067,0.02743	-0.02577,0.02916	-0.02058,0.0307	-0.0155,0.03261	-0.01025,0.03469	-0.005,0.03677	7.813e-05,0.03877	0.004206,0.04145	0.008645,0.04494	0.01308,0.04843	0.01752,0.05192	0.02196,0.05541	0.0264,0.0589	0.03084,0.06239	0.0348,0.06575	0.03869,0.06984	0.04258,0.07394	0.04647,0.07803	0.05035,0.08213	0.05424,0.08622	0.05813,0.09032	0.06202,0.09441	0.06591,0.09851	0.0698,0.1026	0.07368,0.1067	0.07757,0.1108	0.08146,0.1149	0.08535,0.119	0.08924,0.1231	0.09292,0.1264	0.0976,0.1296	0.1023,0.1327	0.107,0.1359	0.1116,0.139	0.1163,0.1422	0.1207,0.1451	0.1254,0.1466	0.1309,0.1479	0.1363,0.1492	0.1415,0.1504	0.147,0.1509	0.1527,0.1514	0.1583,0.1519	0.1639,0.1524	0.1695,0.1528	0.1752,0.1533	0.1808,0.1538	0.1864,0.1543	0.1918,0.1548	0.1974,0.1557	0.203,0.1566	0.2085,0.1575	0.2141,0.1584	0.2197,0.1593	0.2253,0.1602	0.2306,0.1612	0.2361,0.1625	0.2416,0.1638	0.2471,0.1651	0.2526,0.1664	0.2581,0.1677	0.2636,0.169	0.2691,0.1703	0.2742,0.1715	0.2794,0.1736	0.2846,0.1756	0.2899,0.1777	0.2951,0.1798	0.3004,0.1819	0.3056,0.1839	0.3102,0.1859	0.3136,0.1889	0.3157,0.1929	0.3165,0.198	0.3171,0.2036	0.3177,0.2092	0.3183,0.2149	0.3189,0.2205	0.3195,0.2261	0.3201,0.2317	0.3207,0.2373	0.3213,0.2427	0.3215,0.2483	0.3217,0.2538	0.3228,0.2582	0.3255,0.2628	0.3284,0.2677	0.3313,0.2725	0.3341,0.2772	0.3374,0.2814	0.341,0.2858	0.3412,0.286	0.3412,0.286	0.3412,0.286	0.3412,0.286	0.3412,0.286	0.341,0.2861	0.341,0.2861	0.341,0.2861	0.341,0.2861	0.341,0.2861	0.341,0.2861	0.341,0.2861	0.341,0.2861	0.3416,0.2869	0.3417,0.2898	0.3409,0.2941	0.3386,0.298	0.3351,0.3008	0.33,0.3033	0.3251,0.3056	0.3199,0.3076	0.3146,0.3097	0.3094,0.3118	0.3048,0.3132	0.3001,0.313	0.2946,0.3119	0.289,0.3107	0.2835,0.3095	0.278,0.3084	0.2725,0.3072	0.2677,0.3066	0.2629,0.3076	0.2575,0.3093	0.2521,0.311	0.2472,0.3126	0.243,0.3152	0.2386,0.3187	0.2341,0.3222	0.2297,0.3257	0.2252,0.3291	0.2211,0.3327	0.217,0.3365	0.2128,0.3403	0.2086,0.3441	0.2044,0.3479	0.201,0.3515	0.1977,0.3561	0.1945,0.3607	0.1912,0.3653	0.1879,0.3699	0.1847,0.3745	0.1826,0.3752	0.1805,0.3772	0.1762,0.3753	0.1771,0.3802	0.1777,0.3816	0.177,0.3821	0.1761,0.3824	0.1753,0.3826	0.1745,0.3829	0.1746,0.3839	0.172,0.382	0.1689,0.3799	0.1683,0.3801	0.1706,0.3833	0.1685,0.3839	0.1684,0.3877	0.1657,0.3888	0.1623,0.3893	0.1587,0.3908	0.1546,0.3915	0.1503,0.39	0.1469,0.3872	0.1447,0.3832	0.144,0.3788	0.145,0.3744	0.1474,0.3706	0.1511,0.3679	0.156,0.3664	0.1615,0.365	0.1669,0.3636	0.1724,0.3621	0.1779,0.3607	0.1825,0.3591	0.1876,0.3565	0.1926,0.354	0.1976,0.3514	0.2027,0.3489	0.2077,0.3463	0.2127,0.3437	0.2177,0.3415	0.2223,0.3403	0.2279,0.3397	0.2335,0.3391	0.2385,0.3387	0.2435,0.3398	0.249,0.3412	0.2545,0.3426	0.2599,0.344	0.2654,0.3454	0.2709,0.3468	0.2763,0.3483	0.2794,0.3479	0.281,0.3465	0.2827,0.3451	0.2844,0.3437	0.286,0.3424	0.2877,0.341	0.2903,0.3404	0.2933,0.3387	0.2961,0.3364	0.2994,0.3347	0.3027,0.3322	0.3052,0.3295
3	-0.01996,0.1518	-0.01774,0.1549	-0.0144,0.1594	-0.01113,0.1637	-0.007466,0.168	-0.003797,0.1723	-0.0001286,0.1766	0.00354,0.1809	0.007209,0.1852	0.01088,0.1895	0.01455,0.1938	0.01791,0.1978	0.02091,0.2025	0.02392,0.2073	0.02693,0.2121	0.02994,0.2169	0.03295,0.2216	0.03596,0.2264	0.03897,0.2312	0.04198,0.236	0.04499,0.2408	0.048,0.2455	0.05101,0.2503	0.05402,0.2551	0.05703,0.2599	0.06004,0.2646	0.06305,0.2694	0.06606,0.2742	0.06907,0.279	0.07184,0.2836	0.0745,0.2886	0.07715,0.2936	0.07981,0.2986	0.08247,0.3036	0.08512,0.3086	0.08779,0.3127	0.0912,0.317	0.09455,0.3215	0.0979,0.326	0.1012,0.3306	0.1046,0.3351	0.1079,0.3397	0.1112,0.3441	0.1138,0.3488	0.1165,0.3538	0.1191,0.3588	0.1218,0.3637	0.1244,0.3687	0.1271,0.3737	0.1297,0.3787	0.1324,0.3837	0.1353,0.3877	0.1389,0.392	0.1426,0.3963	0.1463,0.4006	0.1499,0.4049	0.1536,0.4092	0.1571,0.4133	0.1592,0.4155	0.1592,0.4155	0.1592,0.4155	0.1592,0.4155	0.1592,0.4155	0.1592,0.4155	0.1592,0.4155	0.1592,0.4155	0.1592,0.4155	0.1592,0.4155	0.159,0.4156	0.1597,0.4166	0.1621,0.4176	0.1663,0.4184	0.1708,0.4178	0.1748,0.4156	0.1777,0.4122	0.1792,0.408	0.1792,0.4034	0.1776,0.3983	0.1758,0.3929	0.174,0.3876	0.1722,0.3822	0.1705,0.3769	0.1687,0.3715	0.1669,0.3661	0.1651,0.3608	0.1634,0.3554	0.1616,0.3501	0.1598,0.3447	0.1581,0.3393	0.1563,0.334	0.1543,0.3289	0.1521,0.3237	0.15,0.3185	0.1478,0.3133	0.1457,0.3082	0.144,0.3029	0.1422,0.2975	0.1404,0.2922	0.1386,0.2868	0.1369,0.2815	0.1351,0.2761	0.1333,0.2707	0.1315,0.2654	0.1298,0.2602	0.1293,0.2557	0.1299,0.2501	0.1306,0.2445	0.1312,0.2389	0.1319,0.2333	0.1325,0.2279	0.1321,0.2234	0.1304,0.2181	0.1286,0.2127	0.1268,0.2074	0.1251,0.202	0.1233,0.1966	0.1218,0.1914	0.1203,0.1862	0.1186,0.1808	0.1168,0.1755	0.115,0.1701	0.1132,0.165	0.111,0.1598	0.1089,0.1546	0.1067,0.1494	0.1045,0.1441	0.1022,0.1395	0.09935,0.1349	0.09612,0.1303	0.09382,0.1259	0.09177,0.1211	0.08899,0.1175	0.08466,0.1147	0.07978,0.1119	0.0749,0.1091	0.07001,0.1062	0.06513,0.1034	0.06025,0.1005	0.05537,0.0977	0.05049,0.09486	0.04592,0.09195	0.04126,0.08876	0.03659,0.08558	0.03321,0.08254	0.03069,0.07805	0.02816,0.073	0.02563,0.06795	0.0231,0.0629	0.02057,0.05785	0.01804,0.05281	0.01552,0.04776	0.01289,0.04302	0.01,0.03816	0.007115,0.03331	0.004227,0.02846	0.001339,0.0236	-0.001549,0.01875	-0.004341,0.01406	-0.006487,0.009124	-0.008644,0.003905	-0.0108,-0.001314	-0.01296,-0.006533	-0.01511,-0.01175	-0.01727,-0.01697	-0.01943,-0.02219	-0.02158,-0.02741	-0.02374,-0.03263	-0.0259,-0.03785	-0.02805,-0.04307	-0.03021,-0.04828	-0.03237,-0.0535	-0.03453,-0.05872	-0.03668,-0.06394	-0.03884,-0.06916	-0.041,-0.07438	-0.04315,-0.0796	-0.04531,-0.08482	-0.04747,-0.09004	-0.04951,-0.09485	-0.05243,-0.09852	-0.056,-0.102	-0.05807,-0.106	-0.0586,-0.1105	-0.0575,-0.1149	-0.0548,-0.1187	-0.05088,-0.1228	-0.04696,-0.1268	-0.04304,-0.1309	-0.03912,-0.135	-0.0352,-0.139	-0.03127,-0.1431	-0.02735,-0.1472	-0.02343,-0.1512	-0.01951,-0.1553	-0.01559,-0.1593	-0.01161,-0.163	-0.007405,-0.1668	-0.003171,-0.1702	0.001296,-0.1736	0.005763,-0.1771	0.01023,-0.1805	0.0147,-0.184	0.01917,-0.1875	0.02363,-0.1909	0.0281,-0.1944	0.03257,-0.1978	0.03703,-0.2013	0.0415,-0.2047	0.04501,-0.2082	0.04862,-0.2126	0.05224,-0.2169	0.05559,-0.22	0.06014,-0.2218	0.06536,-0.2233	0.07087,-0.2245	0.07638,-0.2258	0.08188,-0.227	0.08739,-0.2283	0.0929,-0.2295	0.0984,-0.2308	0.1039,-0.232	0.1094,-0.2333	0.1147,-0.2345	0.1198,-0.2363	0.1251,-0.2384	0.1303,-0.2404	0.1356,-0.2424	0.1409,-0.2445	0.1461,-0.2465	0.1512,-0.2485	0.1563,-0.2509	0.1614,-0.2533	0.1659,-0.255	0.1714,-0.2558	0.177,-0.2567	0.1826,-0.2575	0.1882,-0.2584	0.1938,-0.2592	0.1993,-0.2601	0.2041,-0.2601	0.2097,-0.2594	0.2152,-0.2586	0.2208,-0.2578	0.2264,-0.257	0.232,-0.2562	0.2376,-0.2555	0.2432,-0.2547	0.2488,-0.2539	0.2544,-0.2531	0.26,-0.2523	0.2656,-0.2515	0.2712,-0.2508	0.2764,-0.2501	0.2817,-0.2504	0.2874,-0.2509	0.293,-0.2513	0.2986,-0.2517	0.3043,-0.2522	0.3099,-0.2526	0.3155,-0.2531	0.3211,-0.2535	0.3259,-0.2537	0.3267,-0.2525	0.3276,-0.2514	0.3284,-0.2502	0.3293,-0.2491	0.3301,-0.2479	0.3309,-0.2468	0.3316,-0.2459	0.3326,-0.2443	0.3348,-0.2408	0.3357,-0.2394	0.3374,-0.2362	0.3387,-0.2345	0.3393,-0.2336	0.3399,-0.2328	0.3405,-0.232	0.3411,-0.2312	0.3417,-0.2304	0.3423,-0.23	0.343,-0.229	0.3437,-0.2281	0.3444,-0.2271	0.3451,-0.2261	0.3458,-0.2251	0.3466,-0.2241	0.3482,-0.2217	0.3488,-0.2209	0.3494,-0.2201	0.3521,-0.2178	0.3523,-0.2175	0.3524,-0.2174	0.3525,-0.2172	0.3529,-0.2173	0.3531,-0.217	0.3533,-0.2167	0.353,-0.2165	0.353,-0.2165	0.3534,-0.2164	0.3538,-0.2159	0.3528,-0.2161	0.3527,-0.2161	0.3527,-0.2161	0.3528,-0.216	0.3542,-0.2145	0.3582,-0.2111	0.3582,-0.2111	0.3582,-0.2111	0.3572,-0.2111	0.3547,-0.2114	0.3534,-0.2115	0.3526,-0.2119	0.3523,-0.2131	0.3547,-0.2113	0.3562,-0.2094	0.3581,-0.2059	0.3603,-0.2019	0.3625,-0.1979	0.3647,-0.1938	0.3669,-0.1898	0.3695,-0.1833	0.3717,-0.1789	0.3731,-0.1756	0.3728,-0.1748	0.3727,-0.1754	0.3752,-0.1736	0.3763,-0.1723	0.3777,-0.1714	0.3791,-0.1679	0.3807,-0.1677	0.3828,-0.1675	0.3844,-0.1634	0.3865,-0.1604	0.3888,-0.1574	0.3903,-0.1541	0.3919,-0.15	0.3932,-0.1457	0.3944,-0.141	0.3958,-0.1367	0.3997,-0.1388	0.4039,-0.1425	0.4081,-0.1463	0.4123,-0.1501	0.4165,-0.1539	0.4172,-0.1551	0.4169,-0.1557	0.4171,-0.1565	0.4167,-0.1578	0.417,-0.1599	0.4161,-0.1623	0.4151,-0.1647	0.4141,-0.1672	0.4131,-0.1696	0.4122,-0.1721	0.4112,-0.1746	0.4102,-0.177	0.4093,-0.1795	0.4083,-0.1819	0.4073,-0.1844	0.4058,-0.1866	0.4051,-0.188	0.4043,-0.1894	0.4035,-0.1907	0.4028,-0.1921	0.402,-0.1935	0.4013,-0.1949	0.3997,-0.1965	0.3992,-0.1974	0.3989,-0.1981	0.3982,-0.1988	0.3969,-0.2004	0.3969,-0.2008	0.3969,-0.2008	0.3969,-0.2008	0.3969,-0.2008	0.3969,-0.2008	0.3969,-0.2008	0.3969,-0.2008	0.3969,-0.2008	0.3969,-0.2008	0.3969,-0.2008	0.3969,-0.2008	0.3969,-0.2008	0.3969,-0.2008	0.3978,-0.2009	0.3989,-0.1997	0.3998,-0.1981	0.4007,-0.1964	0.4016,-0.1948	0.4029,-0.1935	0.406,-0.1919	0.4073,-0.1886	0.4087,-0.1851	0.4101,-0.1816	0.4115,-0.1781	0.4129,-0.1745	0.4143,-0.171	0.4157,-0.1675	0.4171,-0.164	0.4185,-0.1605	0.4198,-0.157	0.4198,-0.1521	0.4197,-0.148	0.42,-0.1467	0.42,-0.1467	0.42,-0.1467	0.42,-0.1467	0.42,-0.1467	0.42,-0.1467	0.42,-0.1467	0.42,-0.1467	0.42,-0.1467	0.42,-0.1467	0.42,-0.1467	0.42,-0.1467	0.4204,-0.1454	0.4213,-0.1459	0.4224,-0.1487	0.4231,-0.1531	0.4214,-0.1574	0.4198,-0.1616	0.4181,-0.1659	0.4169,-0.1705	0.4152,-0.1749	0.4134,-0.1794	0.4116,-0.1839	0.4105,-0.1886	0.4081,-0.1929	0.4058,-0.1972	0.4034,-0.2014	0.4018,-0.2062	0.3999,-0.2112	0.3975,-0.2162	0.3949,-0.221	0.3923,-0.2258	0.3896,-0.2305	0.387,-0.2353	0.3839,-0.2394	0.3809,-0.2436	0.3779,-0.2478	0.3754,-0.2523	0.3725,-0.2572	0.3694,-0.2617	0.3661,-0.2662	0.3629,-0.2706	0.3597,-0.2751	0.3568,-0.2791	0.353,-0.2832	0.3491,-0.2873	0.3453,-0.2914	0.3414,-0.2956	0.3375,-0.2997	0.3337,-0.3038	0.3298,-0.3079	0.3266,-0.312	0.3232,-0.3164	0.3195,-0.3203	0.3158,-0.3241	0.3124,-0.3278	0.3085,-0.3319	0.3043,-0.3353	0.3001,-0.3388	0.2959,-0.3423	0.2918,-0.3457	0.2876,-0.3492	0.2834,-0.3526	0.2795,-0.3562	0.2753,-0.36	0.2709,-0.3632	0.2665,-0.3661	0.262,-0.3689	0.2575,-0.3718	0.253,-0.3746	0.2485,-0.3775	0.2443,-0.3806	0.2398,-0.3838	0.2352,-0.3867	0.2306,-0.3897	0.2259,-0.3926	0.2213,-0.3948	0.2199,-0.3954
4	0.1955,0.2793	0.1952,0.2761	0.1962,0.2716	0.1984,0.2666	0.2009,0.2615	0.2034,0.2564	0.2058,0.2514	0.2083,0.2463	0.2108,0.2412	0.2129,0.2362	0.215,0.231	0.2171,0.2258	0.2192,0.2205	0.2213,0.2153	0.2234,0.21	0.2255,0.2048	0.2276,0.1996	0.2298,0.1943	0.2319,0.1891	0.234,0.1838	0.2357,0.1787	0.2374,0.1733	0.2391,0.1679	0.2409,0.1626	0.2426,0.1572	0.2442,0.152	0.2455,0.1465	0.2468,0.141	0.2482,0.1355	0.2495,0.1301	0.2508,0.1246	0.2522,0.1191	0.2534,0.1138	0.2544,0.1082	0.2553,0.1027	0.2562,0.0971	0.2572,0.09153	0.2581,0.08596	0.259,0.08039	0.2599,0.07482	0.2611,0.06953	0.2625,0.06404	0.2638,0.05855	0.2651,0.05325	0.2671,0.04852	0.2695,0.04367	0.2716,0.03903	0.2705,0.0353	0.2694,0.03158	0.2683,0.02786	0.2672,0.02414	0.2661,0.02042	0.265,0.01669	0.266,0.01307	0.2702,0.01047	0.2752,0.007945	0.2803,0.005419	0.2849,0.00303	0.2892,-0.0002819	0.2936,-0.003838	0.298,-0.007394	0.302,-0.01098	0.3061,-0.01484	0.3103,-0.01871	0.3144,-0.02257	0.3176,-0.02609	0.3198,-0.03077	0.3219,-0.03601	0.324,-0.04125	0.3261,-0.04649	0.3282,-0.05123	0.331,-0.05611	0.3339,-0.06099	0.3367,-0.06587	0.3396,-0.07075	0.3423,-0.07547	0.3437,-0.07974	0.3436,-0.08424	0.3418,-0.08839	0.3387,-0.09165	0.334,-0.09433	0.3291,-0.09706	0.3241,-0.09978	0.3192,-0.1025	0.3142,-0.1052	0.3093,-0.108	0.3044,-0.1107	0.2994,-0.1134	0.2948,-0.1162	0.29,-0.1193	0.2853,-0.1224	0.2812,-0.1255	0.2769,-0.1292	0.2727,-0.1329	0.2684,-0.1367	0.2646,-0.1396	0.2603,-0.1409	0.2552,-0.1407	0.2495,-0.1403	0.2439,-0.1399	0.2383,-0.1394	0.2327,-0.139	0.227,-0.1386	0.2214,-0.1382	0.2166,-0.1382	0.2128,-0.138	0.2101,-0.1328	0.2087,-0.13	0.2102,-0.1301	0.211,-0.1295	0.2117,-0.1289	0.2124,-0.1284	0.2158,-0.1325	0.2168,-0.1336	0.2161,-0.1323	0.2164,-0.1332	0.2167,-0.134	0.2146,-0.132	0.2134,-0.1313	0.2156,-0.1299	0.219,-0.1284	0.2224,-0.1269	0.2249,-0.1249	0.2279,-0.1238	0.2309,-0.1227	0.234,-0.1216	0.237,-0.1205	0.24,-0.1194	0.2445,-0.1191	0.2514,-0.1212	0.2539,-0.1205	0.2567,-0.1206	0.259,-0.1214	0.2605,-0.1215	0.2619,-0.1217	0.2634,-0.1219	0.2649,-0.122	0.2663,-0.1222	0.2678,-0.1224	0.2702,-0.1242	0.2733,-0.1301	0.2757,-0.1382	0.2761,-0.1477	0.2738,-0.1547	0.2721,-0.1597	0.2729,-0.1619	0.2694,-0.1692	0.2676,-0.1744	0.2666,-0.1792	0.2657,-0.1831	0.2667,-0.184	0.2682,-0.1854	0.2707,-0.1866	0.273,-0.1897	0.2748,-0.1928	0.2772,-0.1974	0.2795,-0.2025	0.2818,-0.2076	0.284,-0.2127	0.2842,-0.2174	0.2837,-0.2222	0.2827,-0.2289	0.2818,-0.2337	0.2811,-0.2381	0.2805,-0.2425	0.2799,-0.2469	0.2777,-0.252	0.2715,-0.2575	0.266,-0.2612	0.2622,-0.2652	0.2585,-0.2693	0.2537,-0.2748	0.2473,-0.281	0.2415,-0.2853	0.2379,-0.2883	0.2336,-0.2912	0.2293,-0.2933	0.2251,-0.2955	0.2209,-0.2977	0.2167,-0.2999	0.2111,-0.3016	0.2058,-0.3025	0.2017,-0.3041	0.1969,-0.3061	0.1924,-0.3074	0.1877,-0.3097	0.1819,-0.3127	0.1762,-0.3152	0.1715,-0.3173	0.1665,-0.3181	0.1624,-0.318	0.1579,-0.3181	0.1534,-0.3181	0.1485,-0.319	0.1449,-0.3186	0.1406,-0.3182	0.1357,-0.3181	0.1306,-0.3181	0.1256,-0.3185	0.1206,-0.3189	0.1155,-0.3193	0.1105,-0.3197	0.1054,-0.3208	0.101,-0.3223	0.0966,-0.3238	0.09221,-0.3253	0.08781,-0.3268	0.08342,-0.3282	0.07902,-0.3297	0.07186,-0.3288	0.06693,-0.3298	0.06157,-0.3309	0.05687,-0.3314	0.05261,-0.3319	0.04759,-0.334	0.04265,-0.3358	0.03854,-0.3375	0.03485,-0.3407	0.03089,-0.3447	0.02692,-0.3488	0.02296,-0.3528	0.01926,-0.3568	0.01717,-0.3618	0.01541,-0.3656	0.0155,-0.37	0.01525,-0.3738	0.0148,-0.3775	0.01432,-0.3812	0.01255,-0.3854	0.01299,-0.389	0.01293,-0.3924	0.01108,-0.3958	0.009695,-0.3994	0.009072,-0.4027	0.008987,-0.4062	0.009556,-0.4104	0.009659,-0.4132	0.009381,-0.4132	0.00915,-0.4132	0.00892,-0.4132	0.00869,-0.4133	0.006552,-0.4132	0.005114,-0.4136	0.003789,-0.4137	0.002335,-0.4138	0.0009519,-0.414	-0.002203,-0.4144	-0.004713,-0.416	-0.004286,-0.4166	-0.003226,-0.4168	-0.00222,-0.4167	0.001493,-0.4139	0.002354,-0.4111	0.003189,-0.4082	0.004478,-0.4054	0.006971,-0.4033	0.0084,-0.4015	0.009827,-0.3996	0.007219,-0.3996	0.006388,-0.4	0.006759,-0.3999	0.008098,-0.4002	0.01025,-0.4002	0.01413,-0.3988	0.01629,-0.3983	0.01678,-0.3983	0.01711,-0.3991	0.01875,-0.3992	0.02039,-0.3993	0.02202,-0.3994	0.02366,-0.3995	0.0253,-0.3995	0.02833,-0.3993	0.03085,-0.399	0.03272,-0.399	0.03654,-0.3978	0.03829,-0.3976	0.03969,-0.3974	0.04112,-0.3973	0.04254,-0.3971	0.04237,-0.3977	0.04451,-0.3975	0.0465,-0.3973	0.0485,-0.397	0.04978,-0.3972	0.05175,-0.3971	0.05148,-0.3979	0.05197,-0.3989	0.05343,-0.3992	0.05489,-0.3996	0.05635,-0.3999	0.05781,-0.4003	0.05961,-0.4003	0.06084,-0.4006	0.06287,-0.3999	0.06044,-0.4021	0.05976,-0.403	0.05921,-0.4036	0.05866,-0.4042	0.05811,-0.4049	0.05756,-0.4055	0.05701,-0.4061	0.05646,-0.4068	0.05591,-0.4074	0.05536,-0.408	0.05601,-0.4081	0.05491,-0.4102	0.05362,-0.4129	0.05516,-0.4148	0.05758,-0.4173	0.06068,-0.42	0.06451,-0.418	0.06759,-0.4142	0.07071,-0.4095	0.07383,-0.4048	0.07695,-0.4	0.08007,-0.3953	0.08267,-0.3913	0.08367,-0.3893	0.08541,-0.3883	0.08577,-0.3829	0.08612,-0.3775	0.08648,-0.3722	0.08683,-0.3668	0.08719,-0.3614	0.08754,-0.356	0.08791,-0.3516	0.08894,-0.3463	0.08946,-0.3408	0.08945,-0.3348	0.08819,-0.327	0.08869,-0.3218	0.08918,-0.3166	0.08967,-0.3114	0.09016,-0.3062	0.09066,-0.301	0.09339,-0.2963	0.09684,-0.2918	0.1002,-0.2873	0.1033,-0.2825	0.1064,-0.2778	0.1094,-0.2737	0.1124,-0.269	0.1155,-0.2643	0.1185,-0.2596	0.1213,-0.2554	0.1233,-0.2504	0.1254,-0.2454	0.1278,-0.2403	0.1302,-0.2352	0.1326,-0.2301	0.135,-0.225	0.1374,-0.2199	0.1374,-0.216	0.1371,-0.2121	0.1372,-0.2076	0.1379,-0.2027	0.1394,-0.1977	0.1409,-0.1929	0.1421,-0.1874	0.1434,-0.1819	0.1446,-0.1764	0.1459,-0.1711	0.1479,-0.1669	0.151,-0.1621	0.1541,-0.1574	0.1572,-0.1527	0.1603,-0.148	0.1634,-0.1433	0.1666,-0.1386	0.1697,-0.1339	0.1728,-0.1292	0.1759,-0.1245	0.1789,-0.1199	0.1825,-0.1159	0.1862,-0.1122	0.1903,-0.1095	0.1932,-0.1073	0.1959,-0.1066	0.1991,-0.1058	0.2022,-0.105	0.2036,-0.1028	0.205,-0.1004	0.2064,-0.09862	0.209,-0.09719	0.2122,-0.09525	0.2159,-0.09237	0.2162,-0.09105	0.2169,-0.08962	0.2207,-0.08663	0.2253,-0.08334	0.2298,-0.08004	0.2344,-0.07675	0.239,-0.07345	0.2436,-0.07015	0.2482,-0.06686	0.2528,-0.06356	0.2574,-0.06026	0.2619,-0.05697	0.2665,-0.05367	0.2707,-0.05146	0.276,-0.04961	0.2814,-0.04777	0.2867,-0.04592	0.2921,-0.04407	0.2972,-0.04228	0.3017,-0.0417	0.3073,-0.04225	0.3129,-0.04282	0.3185,-0.04339	0.3241,-0.04396	0.3297,-0.04453	0.3354,-0.0451	0.341,-0.04568	0.3466,-0.04625	0.3522,-0.04682	0.3578,-0.04739	0.3634,-0.04796	0.3691,-0.04854	0.3747,-0.04911	0.38,-0.04988	0.3856,-0.05085	0.3912,-0.05183	0.3967,-0.05281	0.4023,-0.05379	0.4079,-0.05476	0.4134,-0.05574	0.419,-0.05672	0.4245,-0.05769	0.4301,-0.05867	0.4357,-0.05965	0.4402,-0.06045	0.4402,-0.06045	0.4402,-0.06045	0.4402,-0.06045	0.4402,-0.06077	0.4402,-0.06077	0.4402,-0.06077	0.4402,-0.06077	0.4402,-0.06077	0.4402,-0.06043	0.4402,-0.06036	0.4402,-0.06036	0.4402,-0.06036	0.4402,-0.06036	0.4402,-0.06036	0.4402,-0.06036	0.4402,-0.06036	0.4402,-0.06036	0.4402,-0.06036	0.4402,-0.06036	0.4402,-0.06036	0.4402,-0.06036	0.4402,-0.06036	0.4402,-0.06036	0.4402,-0.06036	0.4402,-0.0605	0.4402,-0.0605	0.4402,-0.0605	0.4402,-0.0605	0.4402,-0.0605	0.4402,-0.0605	0.4402,-0.0605	0.4402,-0.0605	0.4403,-0.06072	0.4403,-0.06001	0.441,-0.05973	0.4426,-0.06161	0.4447,-0.06534	0.4455,-0.06977	0.4449,-0.07512	0.4442,-0.08073	0.4435,-0.08633	0.4428,-0.09193	0.442,-0.09748	0.4406,-0.1027	0.4393,-0.108	0.4379,-0.1132	0.4369,-0.1186	0.4358,-0.1241	0.4345,-0.1295
5	0.4192,-0.02925	0.4195,-0.0324	0.4212,-0.03657	0.4242,-0.03987	0.4283,-0.04187	0.4328,-0.04231	0.4371,-0.04113	0.4408,-0.03849	0.4432,-0.03472	0.4442,-0.03033	0.4436,-0.02587	0.4412,-0.02128	0.4384,-0.01638	0.4356,-0.01148	0.4328,-0.006581	0.4298,-0.002037	0.4267,0.002647	0.4235,0.007331	0.4204,0.01202	0.4172,0.0167	0.4141,0.02138	0.4109,0.02607	0.4078,0.03075	0.4046,0.03544	0.4016,0.03975	0.3982,0.04266	0.394,0.04416	0.3894,0.04407	0.3843,0.04243	0.379,0.04062	0.3736,0.03881	0.3683,0.037	0.3632,0.03506	0.358,0.03286	0.3528,0.03067	0.3476,0.02848	0.3424,0.02629	0.3372,0.02409	0.332,0.0219	0.3268,0.01971	0.3216,0.01751	0.3164,0.01532	0.3112,0.01313	0.3061,0.01101	0.3011,0.008479	0.2961,0.005915	0.2919,0.00312	0.2908,-0.0006019	0.2897,-0.004324	0.2886,-0.008046	0.2875,-0.01177	0.2864,-0.01549	0.2853,-0.01921	0.2823,-0.02189	0.2772,-0.02446	0.2724,-0.02694	0.2679,-0.02846	0.2623,-0.02909	0.2567,-0.02971	0.2511,-0.03032	0.2455,-0.03093	0.2399,-0.03155	0.2343,-0.03216	0.2286,-0.03277	0.223,-0.03339	0.2174,-0.034	0.2118,-0.03462	0.2062,-0.03523	0.2006,-0.03584	0.195,-0.03646	0.1893,-0.03707	0.1842,-0.03799	0.1788,-0.0394	0.1733,-0.04082	0.1686,-0.04168	0.163,-0.04149	0.1574,-0.04129	0.1517,-0.04109	0.1461,-0.04088	0.1404,-0.04068	0.1348,-0.04048	0.1301,-0.03966	0.1248,-0.03785	0.1194,-0.03604	0.1141,-0.03424	0.1087,-0.03243	0.1034,-0.03062	0.09804,-0.02881	0.09269,-0.027	0.08753,-0.02533	0.08207,-0.02391	0.07709,-0.02242	0.07189,-0.02023	0.06668,-0.01804	0.06148,-0.01585	0.05652,-0.01433	0.05105,-0.01291	0.04558,-0.01149	0.04012,-0.01008	0.03465,-0.008661	0.02918,-0.007245	0.02372,-0.005829	0.01825,-0.004413	0.01278,-0.002997	0.007317,-0.001581	0.003107,0.0001287	-0.0002,0.003187	-0.00296,0.007807	-0.005767,0.01271	-0.008573,0.01761	-0.01138,0.02251	-0.01419,0.02741	-0.01699,0.03231	-0.0198,0.03721	-0.02261,0.04211	-0.02541,0.04701	-0.02822,0.05191	-0.03103,0.05681	-0.03383,0.06171	-0.03573,0.06629	-0.03741,0.07168	-0.0391,0.07707	-0.04078,0.08246	-0.04247,0.08785	-0.04415,0.09324	-0.04547,0.0985	-0.04676,0.104	-0.04805,0.1095	-0.04934,0.115	-0.05063,0.1205	-0.05192,0.126	-0.0532,0.1315	-0.05435,0.1366	-0.05485,0.1422	-0.05533,0.1478	-0.05581,0.1534	-0.05629,0.1591	-0.05677,0.1647	-0.05725,0.1703	-0.05773,0.1759	-0.05822,0.1816	-0.0587,0.1872	-0.05918,0.1928	-0.05966,0.1984	-0.05992,0.2034	-0.0592,0.209	-0.05845,0.2146	-0.05771,0.2202	-0.05697,0.2258	-0.05622,0.2314	-0.05548,0.237	-0.05473,0.2426	-0.05399,0.2482	-0.05325,0.2538	-0.0525,0.2594	-0.05193,0.2648	-0.05159,0.2704	-0.05126,0.2761	-0.05092,0.2817	-0.05059,0.2873	-0.05025,0.293	-0.04991,0.2986	-0.04958,0.3042	-0.04924,0.3099	-0.04958,0.3148	-0.05046,0.3204	-0.05135,0.326	-0.05224,0.3315	-0.05313,0.3371	-0.05401,0.3427	-0.0549,0.3483	-0.05502,0.3528	-0.05354,0.3571	-0.05064,0.3605	-0.04671,0.3627	-0.04226,0.3634	-0.03754,0.3629	-0.03311,0.3638	-0.02929,0.3662	-0.0257,0.3702	-0.02201,0.3745	-0.01832,0.3787	-0.01475,0.3829	-0.01087,0.3859	-0.007047,0.3887	-0.003369,0.393	-1.363e-06,0.3972	0.003368,0.4018	0.006738,0.4063	0.01011,0.4108	0.01348,0.4153	0.01689,0.4196	0.02058,0.4238	0.02426,0.4281	0.02795,0.4324	0.03164,0.4367	0.03533,0.4409	0.03885,0.4447	0.04114,0.4445	0.04356,0.4452	0.04694,0.446	0.05047,0.4456	0.05355,0.445	0.05663,0.4444	0.05971,0.4439	0.06278,0.4433	0.06633,0.4441	0.07068,0.4443	0.0758,0.4448	0.08085,0.4439	0.08589,0.443	0.09092,0.442	0.09595,0.4411	0.101,0.4401	0.1058,0.4389	0.1103,0.4375	0.1148,0.436	0.1193,0.4345	0.1238,0.4331	0.1283,0.4316	0.1328,0.4301	0.1373,0.4287	0.1422,0.4278	0.1469,0.4262	0.1516,0.4247	0.1563,0.4232	0.1607,0.4214	0.1648,0.4194	0.1689,0.4175	0.173,0.4156	0.1771,0.4136	0.1813,0.4117	0.1854,0.4097	0.1895,0.4078	0.1936,0.4059	0.1977,0.4039	0.2018,0.402	0.206,0.4003	0.2108,0.399	0.2147,0.3965	0.2186,0.3941	0.2225,0.3916	0.2264,0.3891	0.2303,0.3866	0.2342,0.3842	0.2377,0.3804	0.2376,0.3785	0.2376,0.3785	0.2376,0.3785	0.2376,0.3785	0.2376,0.3785	0.2376,0.3785	0.2376,0.3785	0.2376,0.3785	0.2376,0.3785	0.2377,0.3782	0.2359,0.3715	0.2343,0.3656	0.2354,0.367	0.2355,0.3671	0.2355,0.3671	0.2368,0.3684	0.2367,0.3685	0.2367,0.3685	0.2366,0.3686	0.2365,0.3686	0.2365,0.3687	0.2364,0.3687	0.2381,0.3708	0.2406,0.3737	0.2406,0.3737	0.2406,0.3737	0.2406,0.3737	0.2407,0.3738	0.2412,0.3732	0.2414,0.3731	0.2417,0.3733	0.2415,0.3744	0.2402,0.3752	0.239,0.376	0.2377,0.3768	0.2364,0.3776	0.2352,0.3784	0.2336,0.3791	0.2316,0.3797	0.2314,0.3799	0.2312,0.38	0.2303,0.3806	0.2275,0.3823	0.2248,0.3841	0.222,0.3858	0.2186,0.3869	0.2143,0.3902	0.2118,0.3915	0.2099,0.3924	0.2078,0.3919	0.2072,0.3952	0.2058,0.3985	0.2023,0.4008	0.1984,0.4027	0.1944,0.4046	0.1904,0.4064	0.1867,0.4088	0.1827,0.4107	0.1788,0.4126	0.1748,0.4144	0.1709,0.4159	0.1672,0.4171	0.1635,0.4183	0.1598,0.4195	0.1554,0.4199	0.1506,0.4193	0.1473,0.4194	0.1462,0.42	0.146,0.4211	0.1442,0.4245	0.1459,0.4271	0.1496,0.4286	0.1523,0.4279	0.1551,0.427	0.1582,0.426	0.161,0.4248	0.1632,0.4237	0.1649,0.4229	0.1684,0.4209	0.1715,0.4199	0.1742,0.4186	0.1763,0.4167	0.1758,0.4142	0.1759,0.4142	0.1759,0.4142	0.1759,0.4142	0.1759,0.4142	0.174,0.4129	0.1734,0.4134	0.1734,0.4135	0.1734,0.4135	0.1734,0.4135	0.1717,0.4122	0.1678,0.408	0.1641,0.397	0.1611,0.3903	0.1578,0.3903	0.1544,0.3905	0.151,0.3907	0.1476,0.3917	0.1452,0.3927	0.1428,0.3934	0.1406,0.3934	0.139,0.3938	0.1369,0.3962	0.135,0.4	0.134,0.4004	0.1337,0.3973	0.1331,0.3963	0.1316,0.3976	0.1301,0.3989	0.1286,0.4003	0.1272,0.4016	0.1257,0.4029	0.1272,0.3984	0.1263,0.3996	0.1255,0.4009	0.1246,0.4022	0.1232,0.4028	0.1214,0.4033	0.1196,0.404	0.1177,0.4046	0.1158,0.4052	0.1135,0.4065	0.1112,0.4081	0.1096,0.4085	0.1095,0.4071	0.1074,0.4097	0.1076,0.4082	0.1107,0.404	0.1126,0.4025	0.1138,0.4017	0.1151,0.4008	0.1182,0.3999	0.1207,0.3977	0.1231,0.3962	0.1257,0.3953	0.1272,0.396	0.1297,0.3952	0.1326,0.3943	0.1348,0.3946	0.1374,0.3937	0.138,0.3935	0.139,0.3932	0.1398,0.3923	0.1422,0.3923	0.144,0.3926	0.148,0.394	0.1521,0.3956	0.1562,0.3972	0.1601,0.3975	0.16,0.3904	0.157,0.3898	0.1531,0.3916	0.1502,0.3933	0.1493,0.3935	0.149,0.3936	0.1488,0.3936	0.1482,0.3895	0.1454,0.3891	0.1424,0.3892	0.1394,0.3892	0.1363,0.3893	0.1333,0.3894	0.1311,0.39	0.1325,0.3849	0.1313,0.3853	0.1305,0.3855	0.1308,0.3842	0.1294,0.3846	0.1283,0.385	0.1273,0.3853	0.1253,0.3859	0.1231,0.3879	0.1206,0.3918	0.1199,0.3902	0.117,0.3919	0.1139,0.395	0.1131,0.3953	0.1123,0.3956	0.1115,0.3958	0.1102,0.3958	0.1072,0.3933	0.1041,0.3911	0.1034,0.3914	0.09804,0.3921	0.09629,0.3906	0.09345,0.3836	0.08998,0.3824	0.08656,0.3829	0.08133,0.3847	0.07666,0.3815	0.07199,0.3784	0.06731,0.3752	0.06264,0.372	0.05797,0.3689	0.05308,0.3666	0.04981,0.3689	0.04788,0.3689	0.04523,0.374	0.04435,0.3804	0.04371,0.3826	0.04293,0.3856	0.04205,0.3887	0.04126,0.3905	0.04124,0.3885	0.0415,0.3869	0.04177,0.3861	0.0418,0.3861	0.04111,0.3872	0.03776,0.3899	0.03313,0.3916	0.02822,0.3922	0.02257,0.3924	0.01693,0.3926	0.01129,0.3928	0.005642,0.393	-1.047e-06,0.3932	-0.005644,0.3935	-0.01129,0.3937	-0.01652,0.3938	-0.0221,0.3932	-0.02771,0.3926	-0.03333,0.392	-0.03873,0.3916	-0.04438,0.3914	-0.05002,0.3912	-0.0545,0.3904	-0.05934,0.3881	-0.06437,0.3855	-0.0694,0.3829	-0.07443,0.3804	-0.07946,0.3778	-0.08449,0.3753	-0.08953,0.3727
6	0.1373,-0.06012	0.1395,-0.05793	0.1417,-0.05379	0.1436,-0.04846	0.1454,-0.04312	0.1473,-0.03779	0.1491,-0.03245	0.151,-0.02712	0.1529,-0.02178	0.1547,-0.01645	0.1566,-0.01112	0.1584,-0.005782	0.1603,-0.0006823	0.1625,0.004504	0.1647,0.00969	0.167,0.01488	0.1692,0.02006	0.1714,0.02525	0.1737,0.03043	0.176,0.03505	0.179,0.03986	0.182,0.04466	0.1849,0.04947	0.1879,0.05428	0.1908,0.05909	0.1938,0.0639	0.1968,0.06871	0.1997,0.07352	0.2027,0.07833	0.2056,0.08313	0.2086,0.08794	0.2116,0.09275	0.2145,0.09756	0.2175,0.1024	0.2204,0.1072	0.2234,0.112	0.2264,0.1168	0.2293,0.1216	0.2323,0.1264	0.2351,0.1311	0.2367,0.1353	0.2366,0.14	0.2356,0.1455	0.2347,0.1511	0.2337,0.1567	0.233,0.1616	0.2338,0.1661	0.2361,0.1699	0.2398,0.1728	0.2447,0.1756	0.2496,0.1784	0.2545,0.1811	0.2595,0.1839	0.2644,0.1867	0.2693,0.1894	0.2742,0.1922	0.2792,0.195	0.2841,0.1977	0.2888,0.2004	0.2928,0.2036	0.2971,0.2074	0.3013,0.2112	0.3055,0.2149	0.3097,0.2187	0.3139,0.2224	0.3181,0.2262	0.3223,0.2293	0.327,0.2324	0.3317,0.2355	0.3364,0.2386	0.3412,0.2417	0.3459,0.2448	0.3506,0.248	0.3545,0.251	0.3584,0.2551	0.3616,0.2584	0.3614,0.2586	0.3614,0.2586	0.3614,0.2586	0.3614,0.2586	0.3614,0.2586	0.3614,0.2586	0.3614,0.2586	0.3614,0.2586	0.3614,0.2586	0.3614,0.2586	0.3614,0.2586	0.3614,0.2586	0.3612,0.2587	0.3613,0.2587	0.3619,0.259	0.3614,0.2596	0.3602,0.2605	0.3602,0.2606	0.3602,0.2606	0.3602,0.2606	0.3602,0.2606	0.3602,0.2606	0.3602,0.2606	0.36,0.2607	0.3592,0.2616	0.3592,0.2616	0.3592,0.2616	0.3592,0.2616	0.3592,0.2616	0.3592,0.2616	0.3592,0.2616	0.3592,0.2616	0.3592,0.2616	0.3597,0.2611	0.3598,0.2611	0.3598,0.2611	0.3598,0.2611	0.3598,0.2611	0.3598,0.2611	0.3598,0.2611	0.3598,0.2611	0.3598,0.2611	0.3598,0.2611	0.3598,0.2611	0.3592,0.2616	0.3592,0.2616	0.3592,0.2616	0.3592,0.2616	0.3592,0.2616	0.3592,0.2616	0.3592,0.2616	0.3589,0.262	0.3589,0.2622	0.3589,0.2622	0.3593,0.2622	0.3596,0.2618	0.3599,0.2614	0.3602,0.261	0.3605,0.2606	0.3608,0.2601	0.3611,0.2597	0.3617,0.258	0.3617,0.258	0.3617,0.258	0.3617,0.258	0.3617,0.258	0.3617,0.258	0.3617,0.258	0.3617,0.258	0.3618,0.2584	0.3619,0.2583	0.3625,0.257	0.363,0.257	0.3628,0.2574	0.3625,0.2577	0.3623,0.258	0.362,0.2584	0.3618,0.2591	0.3613,0.2598	0.3608,0.2605	0.3603,0.2611	0.3598,0.2618	0.3593,0.2625	0.3588,0.2632	0.3586,0.2635	0.3586,0.2635	0.3583,0.2634	0.3561,0.2609	0.3568,0.2601	0.3574,0.2594	0.3581,0.2587	0.3588,0.258	0.3581,0.2555	0.3559,0.249	0.3524,0.2436	0.3505,0.24	0.3466,0.2388	0.342,0.2391	0.3418,0.2381	0.3419,0.237	0.3419,0.2359	0.342,0.2348	0.3413,0.234	0.3372,0.2364	0.3341,0.2398	0.3323,0.2421	0.331,0.2434	0.3305,0.244	0.3299,0.2446	0.3293,0.2452	0.3288,0.2457	0.3282,0.2463	0.3276,0.2469	0.327,0.2475	0.3265,0.248	0.3259,0.2486	0.3253,0.2492	0.3267,0.2477	0.3278,0.2472	0.33,0.2457	0.3332,0.2438	0.3344,0.2432	0.3313,0.2439	0.3284,0.2445	0.3255,0.2451	0.3237,0.2453	0.3218,0.2454	0.3181,0.2473	0.3132,0.2521	0.3111,0.2544	0.3085,0.2578	0.3076,0.2624	0.3066,0.265	0.3036,0.2689	0.3028,0.2716	0.3026,0.2756	0.3045,0.2805	0.3059,0.2835	0.307,0.286	0.3038,0.2881	0.3015,0.2907	0.3009,0.292	0.2988,0.2919	0.299,0.2894	0.3002,0.2866	0.3005,0.2864	0.2999,0.2879	0.2976,0.2904	0.2938,0.2932	0.2907,0.2963	0.2878,0.2987	0.286,0.3002	0.2845,0.3015	0.283,0.3027	0.2814,0.304	0.2799,0.3053	0.2783,0.3066	0.2768,0.3079	0.2752,0.3091	0.2737,0.3104	0.2721,0.3117	0.2706,0.313	0.2691,0.3142	0.2665,0.3163	0.2644,0.3181	0.2633,0.319	0.2633,0.3191	0.2621,0.3206	0.2621,0.324	0.2596,0.3277	0.2559,0.3303	0.2509,0.3321	0.2455,0.3338	0.2408,0.3349	0.2352,0.335	0.2296,0.3352	0.2239,0.3353	0.2183,0.3354	0.2126,0.3355	0.207,0.3356	0.2015,0.3357	0.1971,0.3349	0.1923,0.3325	0.1873,0.3299	0.1823,0.3272	0.1773,0.3246	0.1723,0.3219	0.1673,0.3193	0.1624,0.3167	0.1574,0.314	0.1524,0.3114	0.1474,0.3088	0.1424,0.3061	0.1374,0.3035	0.1324,0.3008	0.1274,0.2982	0.1225,0.2958	0.1174,0.2935	0.1122,0.2912	0.108,0.289	0.105,0.2857	0.1033,0.2815	0.1033,0.277	0.1048,0.2727	0.1078,0.2693	0.1121,0.267	0.1173,0.2647	0.1223,0.2628	0.1276,0.2609	0.133,0.2591	0.1383,0.2572	0.1436,0.2553	0.1487,0.2535	0.1539,0.2512	0.1591,0.249	0.1643,0.2468	0.1695,0.2445	0.1746,0.2423	0.1798,0.24	0.185,0.2378	0.1902,0.2355	0.1954,0.2333	0.2006,0.231	0.2057,0.2288	0.2109,0.2266	0.2161,0.2243	0.2213,0.2221	0.2262,0.2197	0.2312,0.2171	0.2352,0.2143	0.2396,0.2106	0.2439,0.207	0.2482,0.2034	0.2525,0.1997	0.2569,0.1961	0.2612,0.1925	0.2655,0.1895	0.2703,0.1866	0.2751,0.1836	0.2799,0.1806	0.2847,0.1777	0.2889,0.1746	0.2932,0.171	0.2975,0.1674	0.3019,0.1638	0.3062,0.1601	0.3105,0.1565	0.3148,0.1529	0.3192,0.1492	0.3229,0.1459	0.3259,0.1417	0.3286,0.1368	0.3307,0.132	0.3327,0.1267	0.3346,0.1216	0.3362,0.1162	0.3379,0.1108	0.3395,0.1054	0.3411,0.1	0.3427,0.0946	0.3444,0.08919	0.346,0.08379	0.3476,0.07904	0.3503,0.07414	0.3531,0.06921	0.3557,0.06444	0.3581,0.05937	0.3605,0.05426	0.3629,0.04914	0.3653,0.04403	0.3677,0.03891	0.3701,0.03379	0.3725,0.02868	0.3749,0.02356	0.3773,0.01845	0.379,0.01355	0.3806,0.008144	0.3822,0.002737	0.3839,-0.00267	0.3855,-0.008078	0.3873,-0.01147	0.3883,-0.01206	0.3912,-0.01258	0.3917,-0.01324	0.389,-0.01348	0.3864,-0.01371	0.3837,-0.01395	0.381,-0.01418	0.377,-0.01477	0.37,-0.01706	0.3651,-0.01955	0.3614,-0.02136	0.3577,-0.02318	0.354,-0.02499	0.3503,-0.02681	0.3455,-0.02861	0.3418,-0.03024	0.3382,-0.03186	0.3344,-0.03392	0.3307,-0.03578	0.3268,-0.03797	0.3231,-0.04008	0.3194,-0.04219	0.3161,-0.04377	0.3111,-0.04731	0.3048,-0.05327	0.3006,-0.06024	0.2985,-0.06555	0.2963,-0.07049	0.294,-0.07543	0.2918,-0.08037	0.2895,-0.08531	0.2873,-0.09025	0.2851,-0.09519	0.2862,-0.09703	0.2836,-0.1008	0.2801,-0.1051	0.2765,-0.1093	0.2729,-0.1135	0.2692,-0.1176	0.2632,-0.1221	0.2597,-0.1267	0.2568,-0.1313	0.2539,-0.1359	0.2515,-0.1403	0.2484,-0.1449	0.2451,-0.1493	0.2418,-0.1538	0.2385,-0.1582	0.2382,-0.1588	0.2382,-0.1588	0.2383,-0.1589	0.2384,-0.1589	0.2384,-0.159	0.2383,-0.1597	0.2392,-0.1619	0.2412,-0.1642	0.2431,-0.167	0.2451,-0.1703	0.2468,-0.1743	0.2475,-0.1792	0.2489,-0.1845	0.2489,-0.1901	0.2485,-0.1957	0.2481,-0.2013	0.2478,-0.207	0.2474,-0.2126	0.247,-0.2182	0.2466,-0.2239	0.2462,-0.2295	0.2458,-0.2351	0.2459,-0.2403	0.2464,-0.2459	0.2468,-0.2516	0.2472,-0.2572	0.2476,-0.2628	0.2496,-0.2665	0.2526,-0.2687	0.2556,-0.271	0.2585,-0.2733	0.2615,-0.2756	0.2645,-0.2779	0.2684,-0.28	0.2721,-0.2822	0.279,-0.2851	0.2856,-0.2887	0.29,-0.2906	0.2944,-0.2935	0.2984,-0.2969	0.3008,-0.2986	0.303,-0.299	0.3053,-0.2961	0.3076,-0.2931	0.3098,-0.2902	0.3121,-0.2872	0.3137,-0.2858	0.315,-0.2862	0.3163,-0.2857	0.3182,-0.283	0.3222,-0.2796	0.3266,-0.2763	0.331,-0.273	0.3351,-0.2696	0.3392,-0.266	0.3434,-0.2622	0.3474,-0.2588	0.3516,-0.2563	0.3561,-0.2541	0.3606,-0.2497	0.3642,-0.2454	0.3679,-0.2412	0.3718,-0.2366	0.3753,-0.2321	0.3784,-0.2274	0.3818,-0.223	0.3854,-0.2181	0.3889,-0.2124	0.3918,-0.2077	0.3944,-0.2031	0.3966,-0.1988	0.3996,-0.1944	0.4033,-0.1901	0.407,-0.1858	0.4111,-0.183	0.414,-0.1804
7	-0.2121,0.1498	-0.2159,0.1502	-0.2215,0.151	-0.2271,0.1518	-0.2316,0.1518	-0.2368,0.1503	-0.2412,0.1495	-0.2466,0.1497	-0.2523,0.1496	-0.2579,0.1496	-0.2633,0.1492	-0.269,0.1487	-0.2746,0.1483	-0.2802,0.1478	-0.2858,0.1473	-0.2915,0.1468	-0.2971,0.1464	-0.3027,0.1459	-0.3083,0.1454	-0.3135,0.1447	-0.3186,0.144	-0.3242,0.1435	-0.329,0.1428	-0.3339,0.1405	-0.339,0.1381	-0.3441,0.1357	-0.3491,0.1332	-0.3542,0.1308	-0.3593,0.1284	-0.3644,0.1259	-0.3695,0.1235	-0.3746,0.1211	-0.3797,0.1186	-0.3842,0.1163	-0.3873,0.1131	-0.3891,0.109	-0.3896,0.1039	-0.3898,0.09821	-0.39,0.09257	-0.3902,0.08693	-0.3904,0.08128	-0.3907,0.07564	-0.3914,0.07116	-0.3937,0.06728	-0.3976,0.06321	-0.4015,0.05913	-0.405,0.05531	-0.4072,0.05133	-0.4086,0.04591	-0.41,0.04044	-0.4114,0.03498	-0.4129,0.02952	-0.4143,0.02405	-0.4157,0.01859	-0.4172,0.01313	-0.4186,0.007662	-0.4201,0.002691	-0.4223,-0.002509	-0.4245,-0.00771	-0.4266,-0.01274	-0.4284,-0.01804	-0.4303,-0.02339	-0.4321,-0.02873	-0.4339,-0.03408	-0.4357,-0.03943	-0.4375,-0.04477	-0.4394,-0.05012	-0.4412,-0.05546	-0.443,-0.06081	-0.4442,-0.06557	-0.4431,-0.06986	-0.4426,-0.07371	-0.4406,-0.07789	-0.4382,-0.08134	-0.4377,-0.08237	-0.4377,-0.08237	-0.4377,-0.08237	-0.4377,-0.08237	-0.4377,-0.08237	-0.4377,-0.08237	-0.4377,-0.08237	-0.4377,-0.08237	-0.4379,-0.08242	-0.4378,-0.08292	-0.4372,-0.084	-0.4372,-0.084	-0.4372,-0.084	-0.4372,-0.084	-0.4372,-0.084	-0.4372,-0.084	-0.4372,-0.084	-0.4372,-0.084	-0.4372,-0.084	-0.4372,-0.084	-0.4372,-0.084	-0.4372,-0.084	-0.4375,-0.08401	-0.4375,-0.08411	-0.4374,-0.08424	-0.4374,-0.08436	-0.4374,-0.08448	-0.4373,-0.0846	-0.4373,-0.08473	-0.4373,-0.08485	-0.4372,-0.08497	-0.4372,-0.0851	-0.4372,-0.08522	-0.4371,-0.08534	-0.4371,-0.08546	-0.4371,-0.08559	-0.437,-0.08571	-0.437,-0.08583	-0.437,-0.08596	-0.4369,-0.08608	-0.4369,-0.0862	-0.4369,-0.08632	-0.4369,-0.08645	-0.437,-0.08665	-0.4379,-0.08813	-0.4374,-0.09018	-0.4368,-0.09229	-0.4363,-0.09441	-0.4358,-0.09652	-0.4352,-0.09863	-0.4347,-0.1007	-0.4341,-0.1029	-0.4336,-0.105	-0.4335,-0.1054	-0.4332,-0.1046	-0.4337,-0.1031	-0.4339,-0.1022	-0.4341,-0.1014	-0.4343,-0.1006	-0.4345,-0.09986	-0.4347,-0.09907	-0.4344,-0.09785	-0.4354,-0.09646	-0.4357,-0.09522	-0.436,-0.09401	-0.4363,-0.09281	-0.4366,-0.09161	-0.4369,-0.09042	-0.4373,-0.08922	-0.4365,-0.08755	-0.4366,-0.08759	-0.4367,-0.08639	-0.4369,-0.08573	-0.4371,-0.08517	-0.4372,-0.08462	-0.4373,-0.08406	-0.4375,-0.08351	-0.4376,-0.08295	-0.4388,-0.08169	-0.4396,-0.08148	-0.4396,-0.08148	-0.4395,-0.0818	-0.4394,-0.08237	-0.4399,-0.08053	-0.4395,-0.08043	-0.4393,-0.07991	-0.4393,-0.07991	-0.4393,-0.07991	-0.4388,-0.07949	-0.4388,-0.07949	-0.4388,-0.07949	-0.4388,-0.07949	-0.4388,-0.07949	-0.4388,-0.07949	-0.4388,-0.0798	-0.4389,-0.07852	-0.4389,-0.07849	-0.4389,-0.07849	-0.4388,-0.07923	-0.4389,-0.07905	-0.4388,-0.07558	-0.4388,-0.07144	-0.4379,-0.06835	-0.4364,-0.06656	-0.438,-0.06607	-0.4417,-0.06493	-0.4406,-0.06296	-0.4407,-0.06142	-0.4383,-0.06007	-0.4391,-0.0583	-0.4397,-0.05617	-0.4407,-0.05475	-0.4415,-0.0528	-0.4419,-0.05061	-0.4422,-0.04812	-0.4425,-0.0456	-0.4429,-0.04307	-0.4432,-0.04055	-0.4435,-0.03803	-0.4438,-0.0355	-0.4441,-0.03298	-0.4445,-0.03046	-0.4448,-0.02793	-0.4449,-0.02705	-0.4439,-0.02495	-0.443,-0.02272	-0.4452,-0.02194	-0.4447,-0.01925	-0.4443,-0.01804	-0.4445,-0.01499	-0.4444,-0.01472	-0.4454,-0.01454	-0.4474,-0.01241	-0.4498,-0.00868	-0.4509,-0.003884	-0.4517,0.001714	-0.4523,0.007285	-0.4523,0.01224	-0.4518,0.01786	-0.4513,0.02349	-0.4509,0.02912	-0.4504,0.03474	-0.4501,0.04016	-0.4501,0.0458	-0.4496,0.05129	-0.4489,0.0567	-0.4482,0.06211	-0.4475,0.06752	-0.4469,0.07293	-0.4459,0.07816	-0.4447,0.08299	-0.4435,0.08745	-0.4417,0.0921	-0.4406,0.09633	-0.4394,0.1008	-0.4384,0.1048	-0.4374,0.1089	-0.4363,0.1129	-0.4353,0.117	-0.4342,0.1211	-0.4332,0.1251	-0.4314,0.1295	-0.4303,0.133	-0.4291,0.1361	-0.4282,0.1399	-0.4269,0.1432	-0.4256,0.1466	-0.4242,0.15	-0.4225,0.1542	-0.4209,0.1584	-0.4192,0.1626	-0.4175,0.1668	-0.4164,0.1713	-0.4147,0.1757	-0.4129,0.1801	-0.4111,0.1845	-0.409,0.1883	-0.407,0.1921	-0.4049,0.1959	-0.4028,0.1997	-0.4007,0.2035	-0.3986,0.2072	-0.3966,0.211	-0.395,0.2152	-0.3928,0.2192	-0.3906,0.2232	-0.3884,0.2272	-0.3867,0.2315	-0.3842,0.2356	-0.3817,0.2391	-0.3791,0.2427	-0.3769,0.2468	-0.3741,0.2505	-0.3719,0.2548	-0.369,0.2587	-0.3661,0.2627	-0.3641,0.2668	-0.3609,0.2699	-0.3566,0.2718	-0.3511,0.2732	-0.3457,0.2746	-0.3402,0.276	-0.3352,0.2774	-0.33,0.2795	-0.3248,0.2817	-0.3196,0.2839	-0.3144,0.2861	-0.3092,0.2883	-0.304,0.2905	-0.2987,0.2927	-0.2942,0.2942	-0.2888,0.2945	-0.2832,0.2947	-0.2776,0.2949	-0.2719,0.2951	-0.2665,0.2954	-0.2609,0.296	-0.2553,0.2966	-0.2497,0.2972	-0.244,0.2978	-0.2384,0.2984	-0.2328,0.299	-0.2272,0.2997	-0.2216,0.3003	-0.216,0.3009	-0.2104,0.3015	-0.2048,0.3021	-0.1991,0.3027	-0.1935,0.3033	-0.1879,0.3039	-0.1823,0.3046	-0.1767,0.3052	-0.1711,0.3058	-0.1661,0.3065	-0.1619,0.3086	-0.1573,0.3118	-0.1527,0.3151	-0.1483,0.3183	-0.1439,0.3219	-0.1396,0.3255	-0.1352,0.329	-0.1309,0.3326	-0.1265,0.3362	-0.1224,0.3394	-0.1177,0.3416	-0.1125,0.3438	-0.1073,0.346	-0.1021,0.3482	-0.09755,0.3497	-0.09198,0.3503	-0.08636,0.3509	-0.08075,0.3515	-0.07513,0.3522	-0.06952,0.3528	-0.06391,0.3534	-0.05829,0.354	-0.05268,0.3546	-0.04725,0.3552	-0.04187,0.3551	-0.03664,0.355	-0.03226,0.356	-0.02855,0.3586	-0.02598,0.3623	-0.0239,0.3675	-0.02183,0.3727	-0.01977,0.378	-0.0177,0.3833	-0.01563,0.3885	-0.01356,0.3938	-0.01178,0.3989	-0.0101,0.4043	-0.008416,0.4097	-0.006502,0.4138	-0.002957,0.4178	0.0008406,0.422	0.004471,0.4257	0.008831,0.4293	0.01319,0.4329	0.01755,0.4365	0.02191,0.4401	0.02628,0.4437	0.03032,0.4463	0.03348,0.4461	0.03664,0.4459	0.0398,0.4457	0.04295,0.4455	0.0466,0.4443	0.0492,0.4441	0.05147,0.4439	0.05321,0.4435	0.05492,0.4432	0.05663,0.4429	0.05911,0.4441	0.0625,0.444	0.06603,0.4434	0.06957,0.4427	0.0731,0.442	0.07697,0.4426	0.08151,0.4422	0.08593,0.4413	0.09035,0.4405	0.09499,0.4408	0.1004,0.4405	0.1053,0.4393	0.1098,0.4378	0.1129,0.4368	0.1155,0.4353	0.118,0.4345	0.1206,0.4337	0.124,0.4326	0.1271,0.4316	0.13,0.4306	0.1329,0.4285	0.1362,0.4263	0.1368,0.4261	0.1378,0.4257	0.1404,0.4249	0.1416,0.4231	0.1431,0.4213	0.1445,0.4202	0.145,0.4202	0.145,0.4202	0.145,0.4202	0.145,0.4202	0.145,0.4202	0.145,0.4202	0.145,0.4202	0.1444,0.4204	0.1441,0.4205	0.1439,0.4205	0.1427,0.4209	0.1426,0.4209	0.1428,0.4208	0.1428,0.4208	0.1428,0.4208	0.1428,0.4208	0.1421,0.421	0.1398,0.4218	0.139,0.422	0.1382,0.4223	0.1367,0.4228	0.1357,0.4231	0.1346,0.4235	0.1335,0.4238	0.1315,0.4245	0.1301,0.4249	0.1297,0.4255	0.1272,0.4258	0.1261,0.4267	0.1257,0.4269	0.1248,0.4271	0.124,0.4274	0.1232,0.4276	0.1222,0.4279	0.1197,0.4283	0.1185,0.4287	0.1179,0.4289	0.1178,0.4289	0.1165,0.4293	0.1162,0.4294	0.1162,0.4294	0.1162,0.4294	0.1162,0.4294	0.1162,0.4294	0.1162,0.4294	0.1162,0.4294	0.1162,0.4294	0.1162,0.4294	0.1162,0.4294	0.1162,0.4294	0.1162,0.4294	0.1162,0.4294	0.1162,0.4294	0.1162,0.4294	0.1162,0.4294	0.1162,0.4294	0.1162,0.4294	0.1162,0.4294	0.1162,0.4295	0.1167,0.4304	0.1193,0.4317	0.1236,0.4328	0.1281,0.4324	0.1321,0.4304	0.1352,0.4271	0.1369,0.4229	0.1371,0.4184	0.1356,0.4142	0.1326,0.4106	0.1283,0.4069	0.124,0.4032	0.1199,0.3997	0.1154,0.3963	0.1108,0.3929	0.1067,0.3898	0.1039,0.3862	0.1023,0.3817	0.1016,0.3764	0.1016,0.371	0.1013,0.3658	0.1005,0.3602	0.1001,0.3548	0.09979,0.3492	0.09946,0.3435	0.09912,0.3379	0.09879,0.3322	0.09846,0.3266
8	0.04411,0.01236	0.04147,0.009963	0.03711,0.006365	0.03276,0.002767	0.02841,-0.0008307	0.02439,-0.003316	0.01919,-0.00552	0.01399,-0.007724	0.008789,-0.009928	0.003891,-0.01225	-0.001135,-0.01482	-0.006161,-0.0174	-0.01078,-0.01978	-0.01066,-0.02004	-0.01054,-0.0203	-0.01046,-0.02075	-0.009061,-0.0216	-0.009011,-0.02124	-0.008199,-0.02198	-0.005691,-0.02388	-0.004917,-0.02268	-0.004514,-0.02057	-0.004111,-0.01846	-0.003708,-0.01635	-0.003503,-0.01471	-0.004616,-0.01405	-0.007685,-0.01208	-0.0123,-0.008824	-0.01692,-0.005572	-0.02154,-0.00232	-0.02615,0.0009325	-0.03077,0.004185	-0.03539,0.007437	-0.04,0.01069	-0.04462,0.01394	-0.04924,0.01719	-0.05342,0.01993	-0.05859,0.02212	-0.0638,0.0243	-0.06901,0.02648	-0.07422,0.02866	-0.07847,0.03082	-0.08156,0.0341	-0.08328,0.03827	-0.08341,0.04277	-0.08194,0.04703	-0.07889,0.05146	-0.07553,0.056	-0.07217,0.06054	-0.06881,0.06508	-0.06545,0.06961	-0.06209,0.07415	-0.05884,0.07854	-0.05512,0.0821	-0.05146,0.08552	-0.0481,0.09001	-0.04474,0.09455	-0.04138,0.09909	-0.03802,0.1036	-0.03466,0.1082	-0.0313,0.1127	-0.02794,0.1172	-0.02458,0.1218	-0.02122,0.1263	-0.01786,0.1309	-0.0145,0.1354	-0.01115,0.1399	-0.007983,0.1432	-0.003909,0.1451	0.00121,0.1457	0.006846,0.1461	0.01248,0.1464	0.01812,0.1468	0.02375,0.1471	0.02939,0.1475	0.03502,0.1479	0.04066,0.1482	0.04629,0.1486	0.05193,0.1489	0.05757,0.1493	0.0632,0.1497	0.06884,0.15	0.07447,0.1504	0.08011,0.1507	0.08533,0.1511	0.08958,0.1526	0.09335,0.1558	0.09733,0.1598	0.1013,0.1638	0.1053,0.1678	0.1093,0.1718	0.1132,0.1758	0.1172,0.1798	0.1211,0.1836	0.1251,0.1872	0.1291,0.1912	0.132,0.195	0.1346,0.2	0.1373,0.205	0.14,0.2099	0.1426,0.2149	0.1453,0.2199	0.148,0.2236	0.1522,0.2266	0.1569,0.2296	0.1617,0.2327	0.1664,0.2357	0.1712,0.2388	0.1759,0.2418	0.1807,0.2449	0.1854,0.2479	0.1901,0.2506	0.1951,0.2533	0.1997,0.2562	0.2045,0.2592	0.2092,0.2623	0.214,0.2653	0.2187,0.2684	0.2235,0.2714	0.2282,0.2745	0.233,0.2775	0.2377,0.2806	0.2425,0.2836	0.2471,0.2866	0.2518,0.2886	0.2571,0.2906	0.262,0.2924	0.2669,0.2951	0.2719,0.2978	0.2768,0.3005	0.2818,0.3032	0.2868,0.3059	0.2917,0.3086	0.2967,0.3113	0.3016,0.314	0.3066,0.3167	0.31,0.3191	0.31,0.3191	0.31,0.3191	0.31,0.3191	0.31,0.3191	0.31,0.3191	0.31,0.3191	0.3101,0.319	0.3107,0.319	0.3104,0.3193	0.3092,0.32	0.3085,0.321	0.3101,0.3214	0.3124,0.3202	0.3143,0.3181	0.3163,0.316	0.3183,0.3139	0.3203,0.3118	0.3222,0.3097	0.3242,0.3076	0.3262,0.3055	0.3281,0.3034	0.3301,0.3013	0.3324,0.2995	0.3339,0.2979	0.3339,0.2979	0.3341,0.297	0.3357,0.296	0.3363,0.2953	0.337,0.2946	0.3376,0.2939	0.3383,0.2932	0.3398,0.2931	0.3443,0.292	0.3489,0.2903	0.3535,0.2889	0.3588,0.2875	0.3633,0.2854	0.3632,0.2844	0.3633,0.2833	0.3633,0.2822	0.3634,0.281	0.364,0.2797	0.3677,0.2772	0.37,0.2753	0.3707,0.2753	0.3708,0.2752	0.3702,0.2758	0.3697,0.2763	0.3691,0.2769	0.3685,0.2775	0.3679,0.2781	0.3674,0.2786	0.3668,0.2792	0.3662,0.2798	0.3657,0.2804	0.3651,0.2809	0.363,0.2835	0.3625,0.2846	0.3604,0.2866	0.3555,0.2889	0.3512,0.2899	0.3499,0.2902	0.3486,0.2903	0.3477,0.2902	0.3459,0.2904	0.3441,0.2906	0.3441,0.2896	0.3451,0.2881	0.3431,0.2903	0.3416,0.2915	0.3389,0.2922	0.3347,0.2962	0.3317,0.3	0.3295,0.3024	0.3264,0.3051	0.3242,0.309	0.3202,0.3117	0.3163,0.3133	0.3151,0.3136	0.3149,0.3145	0.3155,0.3148	0.3184,0.3126	0.3187,0.3106	0.3184,0.31	0.3173,0.3121	0.3156,0.3152	0.3133,0.3177	0.3114,0.3198	0.3083,0.3228	0.3054,0.3253	0.3036,0.3267	0.3021,0.328	0.3005,0.3293	0.299,0.3306	0.2975,0.3318	0.2959,0.3331	0.2944,0.3344	0.2928,0.3357	0.2913,0.337	0.2897,0.3382	0.2882,0.3395	0.2866,0.3408	0.2846,0.3418	0.2829,0.343	0.2818,0.3439	0.2806,0.3461	0.2791,0.3475	0.2755,0.3504	0.2741,0.3516	0.2749,0.352	0.2749,0.352	0.2749,0.352	0.2749,0.352	0.2749,0.352	0.2749,0.352	0.2749,0.352	0.2749,0.352	0.2749,0.352	0.2748,0.352	0.2743,0.3524	0.2729,0.3534	0.2722,0.3532	0.2722,0.3531	0.2722,0.3531	0.2718,0.3535	0.2717,0.3535	0.2716,0.3536	0.2716,0.3537	0.2715,0.3537	0.2714,0.3538	0.2714,0.3538	0.2701,0.3539	0.2682,0.3548	0.268,0.3553	0.2681,0.3553	0.2681,0.3552	0.2682,0.3552	0.2682,0.3551	0.2683,0.3551	0.2684,0.355	0.2684,0.355	0.2685,0.3549	0.2685,0.3549	0.2686,0.3548	0.2686,0.3548	0.2687,0.3547	0.2697,0.3536	0.2703,0.3543	0.27,0.357	0.2688,0.3611	0.2662,0.3644	0.2634,0.3661	0.2607,0.3679	0.2579,0.3697	0.2555,0.3719	0.2519,0.3716	0.249,0.3723	0.2471,0.3731	0.2447,0.3782	0.2408,0.3812	0.2365,0.3839	0.2325,0.3861	0.2285,0.388	0.2245,0.3899	0.2205,0.3918	0.2167,0.3944	0.2115,0.3951	0.2084,0.3966	0.2053,0.3981	0.2015,0.3989	0.1986,0.4001	0.1955,0.4007	0.1933,0.4018	0.1916,0.4026	0.1898,0.4034	0.1881,0.4042	0.1864,0.405	0.1854,0.4047	0.1876,0.4059	0.1868,0.3999	0.1868,0.3947	0.1894,0.394	0.1922,0.3931	0.1953,0.3921	0.1981,0.3908	0.2003,0.3898	0.202,0.389	0.1998,0.383	0.2029,0.382	0.2056,0.3807	0.2087,0.38	0.2121,0.3838	0.2121,0.3837	0.2122,0.3837	0.2122,0.3837	0.2122,0.3837	0.2141,0.3864	0.2152,0.3912	0.2152,0.3913	0.2152,0.3913	0.2152,0.3913	0.2166,0.3941	0.2168,0.3979	0.2141,0.4019	0.2105,0.4029	0.2072,0.4029	0.2038,0.4031	0.2005,0.4032	0.1973,0.4028	0.1949,0.4036	0.1925,0.4044	0.19,0.4059	0.1883,0.4066	0.1872,0.4057	0.1862,0.4037	0.1851,0.4042	0.1834,0.4079	0.1815,0.4105	0.18,0.4118	0.1786,0.4131	0.1771,0.4145	0.1756,0.4158	0.1741,0.4171	0.171,0.4238	0.1701,0.4251	0.1693,0.4263	0.1684,0.4276	0.167,0.4282	0.1652,0.4288	0.1634,0.4294	0.1615,0.43	0.1596,0.4306	0.1582,0.4306	0.1571,0.4302	0.1555,0.4307	0.1539,0.4326	0.1543,0.4306	0.1533,0.4317	0.1511,0.435	0.1515,0.4349	0.1528,0.4341	0.1541,0.4332	0.1572,0.4323	0.1599,0.4302	0.1623,0.4289	0.1648,0.4281	0.1683,0.4257	0.1709,0.4249	0.1738,0.424	0.1776,0.4212	0.1803,0.4202	0.1854,0.4125	0.1892,0.4034	0.19,0.4022	0.1925,0.4023	0.1942,0.4026	0.1982,0.4041	0.2023,0.4057	0.2064,0.4073	0.21,0.4088	0.2065,0.4102	0.2034,0.4097	0.2011,0.4084	0.199,0.4079	0.1981,0.4081	0.1978,0.4082	0.1976,0.4083	0.1946,0.4093	0.1918,0.409	0.1888,0.4091	0.1857,0.4092	0.1827,0.4093	0.1797,0.4093	0.1781,0.4079	0.1759,0.4084	0.1747,0.4087	0.1739,0.4089	0.1725,0.4091	0.1711,0.4095	0.17,0.4099	0.169,0.4103	0.167,0.4109	0.1648,0.4129	0.165,0.4143	0.1609,0.4198	0.1589,0.4207	0.1578,0.421	0.157,0.4213	0.1562,0.4216	0.1553,0.4218	0.1541,0.4218	0.151,0.4194	0.1479,0.4173	0.1472,0.4175	0.1437,0.4147	0.1413,0.4147	0.1365,0.4108	0.133,0.4098	0.1296,0.4103	0.1263,0.4087	0.1216,0.4056	0.1169,0.4024	0.1123,0.3992	0.1076,0.3961	0.1029,0.3929	0.09872,0.3892	0.09692,0.3878	0.09499,0.3877	0.09448,0.3844	0.09367,0.3822	0.09304,0.3844	0.09252,0.3858	0.09181,0.3865	0.09103,0.3884	0.0893,0.394	0.08611,0.4	0.08146,0.4055	0.07558,0.4102	0.0691,0.4136	0.06355,0.4147	0.05802,0.4159	0.05308,0.4167	0.04863,0.416	0.04469,0.4138	0.04054,0.4101	0.03638,0.4062	0.03222,0.4024	0.02805,0.3986	0.02402,0.3949	0.02055,0.3908	0.01698,0.3864	0.01341,0.3821	0.009836,0.3777	0.006266,0.3733	0.002696,0.3689	-0.0008736,0.3646	-0.004444,0.3602	-0.008013,0.3558	-0.01158,0.3514	-0.01515,0.3471	-0.01872,0.3427	-0.02229,0.3383	-0.02586,0.3339	-0.02943,0.3296
9	-0.2917,-0.2333	-0.2905,-0.2362	-0.2893,-0.2417	-0.2881,-0.2472	-0.2868,-0.2527	-0.2856,-0.2582	-0.2844,-0.2635	-0.284,-0.2687	-0.284,-0.2743	-0.284,-0.2799	-0.284,-0.2856	-0.284,-0.2912	-0.284,-0.2969	-0.284,-0.3025	-0.284,-0.3082	-0.284,-0.3138	-0.2836,-0.3188	-0.2824,-0.3243	-0.2811,-0.3298	-0.2799,-0.3353	-0.2788,-0.3404	-0.2787,-0.3458	-0.2778,-0.3496	-0.2759,-0.3512	-0.2735,-0.3526	-0.2718,-0.354	-0.2702,-0.3553	-0.2685,-0.3567	-0.2669,-0.3581	-0.2655,-0.3591	-0.2642,-0.3598	-0.263,-0.3606	-0.2618,-0.3614	-0.2606,-0.3621	-0.2594,-0.3629	-0.2582,-0.3637	-0.257,-0.3644	-0.2558,-0.3652	-0.2546,-0.366	-0.2533,-0.3667	-0.2521,-0.3675	-0.2496,-0.3681	-0.2482,-0.3687	-0.2482,-0.3687	-0.2482,-0.3687	-0.2482,-0.3687	-0.2482,-0.3687	-0.2482,-0.3687	-0.2482,-0.3687	-0.2482,-0.3687	-0.2482,-0.3687	-0.2482,-0.3692	-0.2491,-0.3692	-0.2501,-0.3686	-0.2511,-0.368	-0.252,-0.3673	-0.253,-0.3667	-0.254,-0.3661	-0.2552,-0.365	-0.2559,-0.3646	-0.2566,-0.3642	-0.2572,-0.3638	-0.2579,-0.3633	-0.2585,-0.3629	-0.2591,-0.3625	-0.2597,-0.3622	-0.2599,-0.3622	-0.2618,-0.3627	-0.2658,-0.3626	-0.2705,-0.3612	-0.2743,-0.358	-0.2782,-0.3549	-0.282,-0.3517	-0.2858,-0.3486	-0.2896,-0.3454	-0.2934,-0.3422	-0.2973,-0.3391	-0.3011,-0.3359	-0.305,-0.333	-0.3083,-0.3295	-0.3115,-0.3261	-0.3148,-0.3226	-0.3181,-0.3191	-0.3214,-0.3156	-0.3247,-0.3121	-0.3279,-0.3086	-0.3312,-0.3051	-0.3345,-0.3016	-0.3378,-0.2981	-0.341,-0.2946	-0.3438,-0.2911	-0.3463,-0.2876	-0.35,-0.2846	-0.352,-0.2798	-0.3538,-0.2754	-0.356,-0.2723	-0.3582,-0.2693	-0.3604,-0.2663	-0.3618,-0.262	-0.3636,-0.2594	-0.3651,-0.2572	-0.3667,-0.2551	-0.3683,-0.2529	-0.3699,-0.2507	-0.3714,-0.2486	-0.3754,-0.2473	-0.3791,-0.2445	-0.3813,-0.2404	-0.3836,-0.2363	-0.3858,-0.2322	-0.3881,-0.2281	-0.3904,-0.224	-0.3926,-0.2199	-0.3949,-0.2158	-0.3971,-0.2117	-0.3994,-0.2076	-0.4016,-0.2035	-0.4046,-0.2001	-0.4067,-0.196	-0.4085,-0.1906	-0.4102,-0.1852	-0.412,-0.1799	-0.4137,-0.1745	-0.4155,-0.1691	-0.4173,-0.1638	-0.419,-0.1584	-0.4208,-0.153	-0.4184,-0.149	-0.4155,-0.1459	-0.4161,-0.1445	-0.4163,-0.1436	-0.4165,-0.1428	-0.4167,-0.142	-0.4169,-0.1412	-0.4171,-0.1405	-0.4181,-0.14	-0.4192,-0.1388	-0.4196,-0.1375	-0.4199,-0.1363	-0.4202,-0.1351	-0.4205,-0.1339	-0.4208,-0.1327	-0.4211,-0.1315	-0.4242,-0.129	-0.417,-0.1236	-0.4177,-0.122	-0.4179,-0.1213	-0.418,-0.1207	-0.4182,-0.1202	-0.4183,-0.1196	-0.4184,-0.1191	-0.4186,-0.1185	-0.4148,-0.1164	-0.4126,-0.1149	-0.4126,-0.1149	-0.4115,-0.1139	-0.4092,-0.1111	-0.4118,-0.1125	-0.4122,-0.1125	-0.4134,-0.1125	-0.4134,-0.1125	-0.4134,-0.1125	-0.415,-0.1124	-0.415,-0.1124	-0.415,-0.1124	-0.415,-0.1124	-0.415,-0.1124	-0.415,-0.1124	-0.414,-0.1115	-0.4134,-0.1091	-0.4134,-0.109	-0.4134,-0.109	-0.4117,-0.1071	-0.4117,-0.1068	-0.4157,-0.1092	-0.4224,-0.1112	-0.4297,-0.1125	-0.4371,-0.113	-0.4408,-0.1128	-0.44,-0.1123	-0.4407,-0.1105	-0.4408,-0.1085	-0.4434,-0.1064	-0.4439,-0.104	-0.4446,-0.1018	-0.4453,-0.09931	-0.4461,-0.09736	-0.4465,-0.09516	-0.4468,-0.09268	-0.4472,-0.09015	-0.4475,-0.08763	-0.4478,-0.08511	-0.4481,-0.08259	-0.4484,-0.08006	-0.4488,-0.07754	-0.4491,-0.07502	-0.4494,-0.07249	-0.4485,-0.06937	-0.4475,-0.06719	-0.4466,-0.06495	-0.441,-0.06316	-0.4404,-0.06028	-0.4394,-0.05653	-0.4393,-0.05323	-0.4374,-0.04853	-0.4346,-0.04422	-0.4313,-0.03965	-0.428,-0.03507	-0.4252,-0.03091	-0.4239,-0.0264	-0.4233,-0.02079	-0.4223,-0.01546	-0.4213,-0.009911	-0.4202,-0.004367	-0.4191,0.001177	-0.4183,0.006122	-0.4185,0.01173	-0.4186,0.01737	-0.4188,0.02302	-0.4191,0.02802	-0.4208,0.0326	-0.4233,0.03766	-0.4259,0.04272	-0.4284,0.04778	-0.43,0.05266	-0.4289,0.05712	-0.4269,0.06198	-0.4259,0.06622	-0.4269,0.07039	-0.4258,0.07442	-0.4248,0.07848	-0.4238,0.08253	-0.4227,0.08658	-0.4217,0.09063	-0.4206,0.09469	-0.4193,0.09908	-0.4181,0.1026	-0.4169,0.1057	-0.4171,0.1091	-0.4158,0.1124	-0.415,0.1158	-0.4154,0.1192	-0.4192,0.1233	-0.4231,0.1275	-0.4266,0.1314	-0.4261,0.1332	-0.4256,0.1343	-0.4252,0.1354	-0.4248,0.1364	-0.4244,0.1375	-0.4242,0.1389	-0.4236,0.1404	-0.423,0.1418	-0.4225,0.1433	-0.4219,0.1447	-0.4213,0.1461	-0.4207,0.1476	-0.4202,0.149	-0.4196,0.1505	-0.419,0.1519	-0.4184,0.1534	-0.4179,0.1548	-0.417,0.1563	-0.4155,0.1583	-0.4154,0.1583	-0.4156,0.1585	-0.4155,0.1587	-0.4153,0.159	-0.4144,0.1604	-0.4145,0.1609	-0.4146,0.1607	-0.4147,0.1605	-0.4148,0.1603	-0.415,0.1602	-0.4171,0.1595	-0.4202,0.1573	-0.4217,0.1536	-0.4232,0.1499	-0.4247,0.1461	-0.4255,0.1427	-0.4264,0.1394	-0.4272,0.136	-0.4281,0.1327	-0.429,0.1293	-0.4298,0.126	-0.4307,0.1226	-0.4315,0.1193	-0.4324,0.1159	-0.4333,0.1126	-0.4341,0.1092	-0.435,0.1059	-0.4364,0.1026	-0.4374,0.09889	-0.4383,0.09523	-0.4383,0.09086	-0.4388,0.08814	-0.4391,0.08569	-0.4394,0.08324	-0.4397,0.08079	-0.4391,0.07753	-0.4393,0.07564	-0.4394,0.07437	-0.439,0.07226	-0.439,0.07026	-0.4399,0.07035	-0.4417,0.07261	-0.4418,0.07601	-0.4412,0.07921	-0.4404,0.08211	-0.4397,0.08501	-0.4389,0.08792	-0.4382,0.09082	-0.4374,0.09372	-0.4367,0.09663	-0.4359,0.09953	-0.4352,0.1024	-0.4336,0.1055	-0.4317,0.1085	-0.4314,0.1096	-0.4312,0.1106	-0.4311,0.1118	-0.4309,0.113	-0.4305,0.1144	-0.4301,0.1158	-0.4298,0.1172	-0.4294,0.1186	-0.4291,0.12	-0.4287,0.1214	-0.4283,0.1228	-0.428,0.1242	-0.4276,0.1256	-0.4273,0.127	-0.4269,0.1284	-0.4265,0.1298	-0.4255,0.1316	-0.4252,0.1328	-0.4251,0.1334	-0.4249,0.134	-0.4247,0.1346	-0.4246,0.1352	-0.4247,0.1354	-0.4246,0.1357	-0.4245,0.136	-0.4241,0.1364	-0.4234,0.1375	-0.4234,0.1375	-0.4234,0.1375	-0.4234,0.1375	-0.4233,0.1378	-0.4233,0.1378	-0.4233,0.1378	-0.4233,0.1378	-0.4233,0.1378	-0.4233,0.1378	-0.4234,0.1374	-0.4234,0.1374	-0.4234,0.1374	-0.4234,0.1374	-0.4234,0.1374	-0.4234,0.1374	-0.4234,0.1374	-0.4234,0.1374	-0.4234,0.1374	-0.4236,0.1373	-0.4236,0.1373	-0.4236,0.1373	-0.4236,0.1373	-0.4236,0.1373	-0.4243,0.1377	-0.4254,0.1401	-0.4243,0.1429	-0.4232,0.1457	-0.4221,0.1486	-0.4209,0.1515	-0.4198,0.1544	-0.4186,0.1572	-0.4175,0.1601	-0.4164,0.163	-0.4152,0.1659	-0.4141,0.1687	-0.4129,0.1716	-0.4118,0.1745	-0.4107,0.1774	-0.4113,0.1813	-0.4111,0.1858	-0.4097,0.1912	-0.4073,0.1959	-0.4049,0.2004	-0.4024,0.2049	-0.3999,0.2094	-0.3974,0.2139	-0.3949,0.2185	-0.3925,0.223	-0.39,0.2275	-0.3875,0.232	-0.3849,0.2363	-0.3821,0.2401	-0.3782,0.2434	-0.3757,0.2468	-0.3732,0.2503	-0.3702,0.2535	-0.3677,0.2569	-0.3654,0.2601	-0.3631,0.2632	-0.3597,0.2661	-0.3575,0.269	-0.3556,0.2717	-0.3531,0.2743	-0.3514,0.2767	-0.3497,0.2791	-0.348,0.2812	-0.3464,0.2828	-0.3441,0.2844	-0.3427,0.2858	-0.3416,0.2869	-0.3406,0.288	-0.3396,0.289	-0.3386,0.2901	-0.3376,0.2912	-0.3366,0.2923	-0.3356,0.2933	-0.3346,0.2944	-0.3336,0.2955	-0.3326,0.2966	-0.3316,0.2976	-0.3306,0.2987	-0.3296,0.2998	-0.3288,0.3017	-0.3275,0.3036	-0.326,0.306	-0.3239,0.3082	-0.3221,0.3107	-0.3204,0.3127	-0.3146,0.31	-0.3092,0.3071	-0.3049,0.304	-0.3037,0.3031	-0.3037,0.3031	-0.3037,0.3031	-0.3037,0.3031	-0.3037,0.3031	-0.3037,0.3031	-0.3037,0.3031	-0.3037,0.3031	-0.3044,0.3034	-0.305,0.3044	-0.307,0.3095	-0.3071,0.314	-0.306,0.3156	-0.3049,0.3165	-0.3039,0.3173	-0.3029,0.3182	-0.3018,0.319	-0.3008,0.3199	-0.2998,0.3207	-0.3003,0.3249	-0.2987,0.3263	-0.2972,0.3275	-0.2957,0.3287	-0.2942,0.33	-0.2927,0.3312	-0.2876,0.3282	-0.2834,0.3255	-0.2787,0.3236	-0.2712,0.3215	-0.2708,0.3215	-0.2697,0.3206	-0.2651,0.3186	-0.2623,0.3175	-0.2596,0.3174	-0.2566,0.3185	-0.254,0.3209	-0.2545,0.3209	-0.2552,0.3208	-0.2554,0.3209	-0.2557,0.3209	-0.256,0.321	-0.2566,0.3211	-0.257,0.3212	-0.2576,0.3213	-0.2579,0.3214
10	-0.1332,-0.0925	-0.1355,-0.09472	-0.1376,-0.09871	-0.1381,-0.1034	-0.1379,-0.109	-0.1378,-0.1142	-0.1388,-0.1186	-0.1414,-0.1223	-0.1455,-0.1254	-0.1502,-0.1286	-0.1549,-0.1317	-0.1589,-0.1347	-0.1616,-0.1383	-0.1629,-0.1431	-0.1639,-0.1486	-0.1649,-0.1542	-0.1659,-0.1597	-0.1669,-0.1653	-0.1679,-0.1709	-0.1689,-0.1764	-0.1699,-0.1818	-0.1702,-0.1872	-0.1704,-0.1928	-0.1706,-0.1984	-0.1708,-0.2041	-0.171,-0.2097	-0.1711,-0.2154	-0.1714,-0.2208	-0.172,-0.2264	-0.1726,-0.232	-0.1732,-0.2376	-0.1738,-0.2433	-0.1744,-0.2489	-0.175,-0.2545	-0.1756,-0.2601	-0.1762,-0.2657	-0.1768,-0.2713	-0.1774,-0.2769	-0.1778,-0.2823	-0.178,-0.288	-0.1782,-0.2936	-0.1784,-0.2993	-0.1785,-0.3049	-0.1787,-0.3106	-0.1789,-0.3162	-0.1791,-0.3219	-0.1793,-0.3275	-0.1795,-0.3331	-0.1797,-0.3388	-0.1799,-0.3444	-0.18,-0.3498	-0.1798,-0.3555	-0.1796,-0.3611	-0.1794,-0.3668	-0.1792,-0.3724	-0.1795,-0.3776	-0.1801,-0.3832	-0.1807,-0.3888	-0.1812,-0.3932	-0.1812,-0.3938	-0.1812,-0.3938	-0.1812,-0.3938	-0.1812,-0.3938	-0.1814,-0.3944	-0.1814,-0.3944	-0.1814,-0.3944	-0.1814,-0.3944	-0.1814,-0.3944	-0.1817,-0.3957	-0.1836,-0.3998	-0.1869,-0.4028	-0.1913,-0.4048	-0.1957,-0.4052	-0.2007,-0.4037	-0.2047,-0.3999	-0.2086,-0.398	-0.2118,-0.3944	-0.2141,-0.3916	-0.2153,-0.3909	-0.2165,-0.3901	-0.2176,-0.3894	-0.2188,-0.3886	-0.22,-0.3879	-0.2215,-0.3859	-0.2229,-0.3849	-0.2231,-0.3852	-0.2228,-0.3854	-0.2224,-0.3856	-0.2221,-0.3858	-0.2218,-0.386	-0.2214,-0.3862	-0.2211,-0.3864	-0.2203,-0.3867	-0.2203,-0.3867	-0.2203,-0.3867	-0.2203,-0.3867	-0.2203,-0.3867	-0.2203,-0.3867	-0.2203,-0.3872	-0.2196,-0.3877	-0.2189,-0.3881	-0.2178,-0.3885	-0.2173,-0.3889	-0.2169,-0.3891	-0.2166,-0.3893	-0.2166,-0.3893	-0.2166,-0.3893	-0.2166,-0.3893	-0.2166,-0.3893	-0.2166,-0.3893	-0.2166,-0.3894	-0.2165,-0.391	-0.2149,-0.3944	-0.2121,-0.3979	-0.2082,-0.4002	-0.2038,-0.4009	-0.1994,-0.4001	-0.1952,-0.3975	-0.1907,-0.3941	-0.1861,-0.3908	-0.1818,-0.3875	-0.1778,-0.3841	-0.1731,-0.381	-0.1684,-0.378	-0.1636,-0.375	-0.1589,-0.3719	-0.1546,-0.3688	-0.1504,-0.3652	-0.1461,-0.3615	-0.1418,-0.3578	-0.1377,-0.3542	-0.1337,-0.3503	-0.13,-0.3466	-0.1261,-0.3444	-0.121,-0.3432	-0.1154,-0.3425	-0.1098,-0.3417	-0.1042,-0.341	-0.09865,-0.3402	-0.09305,-0.3394	-0.08746,-0.3387	-0.08186,-0.3379	-0.07626,-0.3372	-0.07067,-0.3364	-0.06507,-0.3357	-0.05947,-0.3349	-0.05388,-0.3342	-0.04828,-0.3334	-0.04269,-0.3326	-0.03792,-0.3324	-0.03319,-0.3337	-0.02794,-0.3358	-0.02268,-0.3378	-0.01759,-0.3398	-0.01315,-0.3406	-0.007554,-0.3403	-0.001918,-0.3399	0.003718,-0.3396	0.009355,-0.3392	0.01499,-0.3389	0.02063,-0.3385	0.02626,-0.3382	0.0319,-0.3378	0.03754,-0.3375	0.04317,-0.3371	0.04859,-0.3371	0.05405,-0.3372	0.0594,-0.3366	0.06481,-0.3358	0.0703,-0.3347	0.07583,-0.3335	0.08136,-0.3324	0.08688,-0.3312	0.09241,-0.3301	0.09794,-0.3289	0.1035,-0.3277	0.1052,-0.3242	0.109,-0.3216	0.113,-0.3198	0.1164,-0.3171	0.1186,-0.3132	0.1195,-0.3088	0.1189,-0.3042	0.1175,-0.2993	0.1158,-0.2944	0.1138,-0.2897	0.1092,-0.2881	0.1036,-0.2879	0.09792,-0.2877	0.09227,-0.2875	0.08682,-0.2873	0.08237,-0.288	0.07849,-0.2903	0.07565,-0.2938	0.07422,-0.2983	0.07333,-0.3039	0.07244,-0.3094	0.07156,-0.315	0.07067,-0.3206	0.06978,-0.3262	0.0689,-0.3317	0.06801,-0.3373	0.06713,-0.3429	0.06633,-0.3483	0.06585,-0.3539	0.06537,-0.3595	0.06489,-0.3651	0.06441,-0.3708	0.06393,-0.3764	0.06347,-0.3818	0.06369,-0.3872	0.06403,-0.3928	0.06437,-0.3985	0.06471,-0.4041	0.06504,-0.4098	0.06538,-0.4154	0.06572,-0.421	0.06606,-0.4267	0.0664,-0.4323	0.06673,-0.4379	0.06684,-0.4397	0.06684,-0.4397	0.06684,-0.4397	0.06607,-0.4399	0.06625,-0.4404	0.06698,-0.4403	0.06775,-0.4401	0.06928,-0.4408	0.07122,-0.4404	0.07318,-0.44	0.07536,-0.4392	0.07807,-0.4408	0.08225,-0.4424	0.08694,-0.4424	0.09251,-0.4415	0.09809,-0.4406	0.1037,-0.4397	0.1093,-0.4389	0.1148,-0.438	0.1192,-0.4367	0.1228,-0.434	0.1252,-0.4302	0.126,-0.4257	0.1253,-0.4209	0.1239,-0.4154	0.1225,-0.4099	0.121,-0.4045	0.1196,-0.399	0.1182,-0.3935	0.1168,-0.3881	0.1154,-0.3828	0.1136,-0.3775	0.1118,-0.3726	0.1092,-0.3676	0.1067,-0.3625	0.1041,-0.3575	0.1016,-0.3525	0.09901,-0.3474	0.09645,-0.3424	0.0939,-0.3374	0.09188,-0.3326	0.09036,-0.3274	0.08895,-0.3219	0.08755,-0.3164	0.08614,-0.311	0.08473,-0.3055	0.08332,-0.3	0.08192,-0.2946	0.08051,-0.2891	0.0791,-0.2836	0.07769,-0.2782	0.07629,-0.2727	0.07518,-0.2676	0.07458,-0.262	0.07397,-0.2564	0.07346,-0.251	0.07321,-0.2456	0.07261,-0.24	0.072,-0.2344	0.0714,-0.2287	0.0708,-0.2231	0.07019,-0.2175	0.06959,-0.2119	0.06899,-0.2063	0.06839,-0.2007	0.06811,-0.1953	0.06798,-0.19	0.06914,-0.1852	0.07077,-0.1803	0.07105,-0.1754	0.07086,-0.1699	0.0698,-0.1655	0.06729,-0.1605	0.06473,-0.1555	0.06218,-0.1504	0.05962,-0.1454	0.05707,-0.1404	0.05465,-0.1357	0.0516,-0.1324	0.0474,-0.1303	0.04201,-0.1286	0.03662,-0.1269	0.03124,-0.1253	0.02585,-0.1236	0.02046,-0.1219	0.01507,-0.1202	0.009686,-0.1185	0.004298,-0.1168	-0.001089,-0.1151	-0.006477,-0.1134	-0.01186,-0.1117	-0.01725,-0.11	-0.02202,-0.108	-0.02711,-0.1055	-0.0322,-0.1031	-0.03728,-0.1006	-0.04237,-0.09817	-0.04746,-0.09572	-0.05254,-0.09327	-0.05763,-0.09081	-0.06272,-0.08836	-0.0678,-0.08591	-0.07289,-0.08346	-0.0774,-0.08089	-0.08208,-0.07773	-0.08676,-0.07457	-0.09144,-0.07141	-0.09612,-0.06824	-0.1008,-0.06508	-0.1054,-0.06224	-0.1103,-0.05942	-0.1152,-0.05661	-0.1201,-0.05379	-0.125,-0.05098	-0.1299,-0.04816	-0.1348,-0.04535	-0.1397,-0.04254	-0.1442,-0.03957	-0.1489,-0.03641	-0.1536,-0.03325	-0.1583,-0.03009	-0.1629,-0.02693	-0.1676,-0.02377	-0.1723,-0.0206	-0.177,-0.01744	-0.1816,-0.01428	-0.1863,-0.01112	-0.191,-0.007959	-0.1948,-0.005	-0.1983,-0.0006761	-0.2019,0.003691	-0.2055,0.008058	-0.2091,0.01243	-0.2125,0.01665	-0.2158,0.02122	-0.219,0.02584	-0.2223,0.03045	-0.2255,0.03506	-0.2288,0.03968	-0.232,0.04429	-0.2353,0.04891	-0.2386,0.05352	-0.2418,0.05814	-0.2446,0.06249	-0.2472,0.06752	-0.2498,0.07256	-0.2523,0.0776	-0.2538,0.08189	-0.2544,0.08746	-0.255,0.09307	-0.2556,0.09869	-0.2562,0.1043	-0.2568,0.1099	-0.2574,0.1155	-0.258,0.1211	-0.2586,0.1268	-0.2593,0.1324	-0.2599,0.138	-0.2605,0.1436	-0.261,0.149	-0.2612,0.1546	-0.2614,0.1603	-0.2616,0.1659	-0.2618,0.1716	-0.2619,0.1772	-0.2621,0.1829	-0.2623,0.1885	-0.2629,0.1937	-0.2639,0.1992	-0.2646,0.2046	-0.2652,0.2102	-0.2663,0.2153	-0.2677,0.2208	-0.2691,0.2262	-0.2705,0.2317	-0.2719,0.2372	-0.2733,0.2426	-0.2747,0.2481	-0.2761,0.2536	-0.2775,0.2589	-0.2796,0.2636	-0.2822,0.2686	-0.2847,0.2736	-0.2873,0.2787	-0.2898,0.2837	-0.2922,0.2884	-0.294,0.2937	-0.2958,0.2991	-0.2976,0.3044	-0.2994,0.3098	-0.3012,0.3151	-0.3029,0.3201	-0.3051,0.3246	-0.3051,0.3246	-0.3051,0.3246	-0.3051,0.3246	-0.3051,0.3246	-0.3051,0.3246	-0.3051,0.3246	-0.3052,0.3247	-0.3052,0.3262	-0.3028,0.3272	-0.3019,0.328	-0.301,0.3287	-0.3002,0.3295	-0.2993,0.3302	-0.2984,0.3309	-0.2976,0.3316	-0.2967,0.3323	-0.2958,0.333	-0.295,0.3338	-0.2941,0.3345	-0.292,0.3359	-0.2877,0.3386	-0.2853,0.3413	-0.2854,0.3434	-0.2859,0.3437	-0.2859,0.3437	-0.2859,0.3437	-0.2859,0.3437	-0.2859,0.3437	-0.2859,0.3437	-0.2859,0.3437	-0.2859,0.3437	-0.2853,0.3436	-0.285,0.3437	-0.2825,0.3437	-0.2806,0.3441	-0.2794,0.3456	-0.2783,0.3464	-0.2773,0.3473	-0.2763,0.3481	-0.2752,0.349	-0.2742,0.3498	-0.2732,0.3507	-0.2704,0.353	-0.2688,0.3544	-0.2673,0.3556	-0.2658,0.3568	-0.2643,0.3581	-0.2628,0.3593	-0.2608,0.362	-0.2607,0.3639	-0.2612,0.3635	-0.2629,0.3621	-0.2629,0.3621	-0.264,0.3624	-0.269,0.3619	-0.2736,0.3614	-0.2785,0.3601	-0.2829,0.3582	-0.2864,0.3559	-0.2869,0.3559	-0.287,0.3561	-0.2872,0.3561	-0.2875,0.3561	-0.2878,0.3562	-0.2879,0.3561	-0.2883,0.3562	-0.2885,0.356	-0.2887,0.3561
11	-0.0007038,-0.03299	-0.001533,-0.03651	-0.00202,-0.04187	-0.002428,-0.0475	-0.002837,-0.05313	-0.003245,-0.05876	-0.003654,-0.0644	-0.004062,-0.07003	-0.004471,-0.07566	-0.004866,-0.08111	-0.005657,-0.08666	-0.006321,-0.08955	-0.006822,-0.08952	-0.008424,-0.09024	-0.01058,-0.09138	-0.01259,-0.09264	-0.01385,-0.09317	-0.01512,-0.0937	-0.01724,-0.09498	-0.01869,-0.09552	-0.02014,-0.09607	-0.02159,-0.09661	-0.02223,-0.09704	-0.02397,-0.09742	-0.02549,-0.09781	-0.02719,-0.09825	-0.02889,-0.09869	-0.03058,-0.09913	-0.03496,-0.1013	-0.03862,-0.1038	-0.04142,-0.1068	-0.04325,-0.11	-0.04352,-0.1104	-0.04264,-0.1076	-0.04128,-0.1019	-0.03953,-0.09933	-0.03762,-0.1001	-0.03566,-0.103	-0.03318,-0.1058	-0.03108,-0.1086	-0.02899,-0.1114	-0.02689,-0.1142	-0.0248,-0.117	-0.0227,-0.1197	-0.0206,-0.1225	-0.01851,-0.1253	-0.0155,-0.1294	-0.01167,-0.1331	-0.009728,-0.1364	-0.008684,-0.1412	-0.007804,-0.1446	-0.005325,-0.1481	-0.00385,-0.1518	-0.001755,-0.1554	-0.0007669,-0.1598	-7.4e-05,-0.1643	0.0006117,-0.1689	0.001297,-0.1734	0.001982,-0.1779	0.002668,-0.1825	0.00466,-0.1871	0.007754,-0.1918	0.01085,-0.1966	0.01394,-0.2013	0.01528,-0.2053	0.0169,-0.2101	0.01868,-0.2149	0.02055,-0.2199	0.0226,-0.225	0.02498,-0.2301	0.02716,-0.2352	0.02941,-0.2404	0.03179,-0.2455	0.03417,-0.2506	0.03655,-0.2557	0.0385,-0.2603	0.03889,-0.2648	0.03767,-0.2692	0.03499,-0.2728	0.03144,-0.2769	0.02854,-0.2834	0.02422,-0.2893	0.02295,-0.2922	0.02174,-0.2951	0.02053,-0.298	0.02025,-0.3	0.02182,-0.2995	0.02231,-0.3	0.02087,-0.3039	0.02129,-0.3051	0.02011,-0.3097	0.01882,-0.3151	0.01736,-0.3207	0.0176,-0.324	0.01933,-0.3244	0.01816,-0.3278	0.01685,-0.3314	0.01553,-0.335	0.01421,-0.3385	0.01289,-0.3421	0.009707,-0.3476	0.007814,-0.3519	0.007197,-0.3549	0.007509,-0.3584	0.007848,-0.3611	0.006975,-0.3655	0.006101,-0.3699	0.00399,-0.3761	6.736e-07,-0.3832	-0.003018,-0.3878	-0.006074,-0.3925	-0.009167,-0.3972	-0.01226,-0.402	-0.01535,-0.4067	-0.01845,-0.4114	-0.02154,-0.4161	-0.02463,-0.4209	-0.02695,-0.425	-0.02793,-0.4301	-0.02874,-0.4357	-0.02956,-0.4413	-0.02998,-0.4434	-0.03004,-0.4434	-0.03004,-0.4434	-0.03004,-0.4434	-0.02995,-0.4434	-0.02995,-0.4434	-0.03033,-0.4434	-0.03033,-0.4434	-0.03042,-0.4441	-0.02906,-0.4449	-0.02722,-0.445	-0.02536,-0.4451	-0.02312,-0.4448	-0.02148,-0.445	-0.02002,-0.445	-0.01857,-0.4451	-0.01712,-0.4452	-0.01567,-0.4453	-0.01421,-0.4454	-0.01239,-0.4455	-0.006907,-0.4459	-0.001601,-0.4459	0.003049,-0.4456	0.007782,-0.4451	0.01207,-0.445	0.01632,-0.4448	0.01952,-0.4455	0.02238,-0.4474	0.02675,-0.4485	0.03112,-0.4482	0.03549,-0.448	0.03986,-0.4477	0.04438,-0.4474	0.04872,-0.4471	0.05254,-0.4464	0.05634,-0.4457	0.06014,-0.4449	0.06409,-0.4432	0.06805,-0.4404	0.07079,-0.439	0.07124,-0.4388	0.0712,-0.439	0.0712,-0.439	0.07121,-0.439	0.07122,-0.439	0.07123,-0.439	0.07124,-0.439	0.07124,-0.439	0.07125,-0.439	0.07126,-0.439	0.07127,-0.439	0.07128,-0.439	0.07143,-0.4388	0.07167,-0.4388	0.07275,-0.4386	0.07277,-0.4386	0.07277,-0.4386	0.07277,-0.4386	0.07277,-0.4386	0.07277,-0.4386	0.07277,-0.4386	0.07277,-0.4386	0.07277,-0.4386	0.07277,-0.4386	0.07277,-0.4386	0.07277,-0.4386	0.07276,-0.439	0.07232,-0.439	0.07181,-0.4391	0.07131,-0.4392	0.0708,-0.4393	0.0703,-0.4394	0.06979,-0.4395	0.06929,-0.4396	0.06878,-0.4399	0.06749,-0.442	0.06464,-0.4431	0.06155,-0.4446	0.0582,-0.4448	0.05485,-0.445	0.0515,-0.4452	0.04815,-0.4454	0.0448,-0.4456	0.04145,-0.4458	0.0381,-0.446	0.03474,-0.4462	0.03139,-0.4465	0.02804,-0.4467	0.02469,-0.4469	0.02134,-0.4471	0.01784,-0.4492	0.01361,-0.4507	0.00911,-0.4507	0.004912,-0.4491	0.001567,-0.4461	-0.0004922,-0.442	-0.0009974,-0.4376	0.0001169,-0.4332	0.002865,-0.4286	0.004726,-0.4244	0.005816,-0.4189	0.006867,-0.4138	0.01328,-0.4164	0.01925,-0.4202	0.01901,-0.424	0.01855,-0.4278	0.01807,-0.4315	0.0222,-0.4347	0.02298,-0.4381	0.02292,-0.4415	0.02512,-0.4443	0.02632,-0.4472	0.0257,-0.4505	0.02561,-0.454	0.02623,-0.4581	0.02328,-0.4621	0.02301,-0.4621	0.02278,-0.4621	0.02255,-0.4622	0.02232,-0.4622	0.02072,-0.462	0.01948,-0.4624	0.01815,-0.4625	0.0168,-0.4626	0.01507,-0.4626	0.01506,-0.462	0.01643,-0.4616	0.01686,-0.4622	0.01792,-0.4625	0.01892,-0.4624	0.01798,-0.4612	0.01884,-0.4583	0.01967,-0.4555	0.02008,-0.4527	0.02068,-0.451	0.02211,-0.4492	0.02354,-0.4473	0.02758,-0.4454	0.02886,-0.4448	0.02923,-0.4446	0.02927,-0.4441	0.03134,-0.4434	0.03221,-0.444	0.03437,-0.4435	0.03798,-0.4426	0.04114,-0.4419	0.04278,-0.442	0.04442,-0.442	0.04606,-0.4421	0.04769,-0.4422	0.04933,-0.4423	0.04982,-0.4428	0.05125,-0.4432	0.05297,-0.4432	0.05243,-0.4442	0.05318,-0.444	0.05459,-0.4438	0.05601,-0.4436	0.05743,-0.4435	0.0608,-0.4423	0.06228,-0.4419	0.06427,-0.4417	0.06628,-0.4414	0.069,-0.4408	0.07131,-0.4404	0.07555,-0.4396	0.07822,-0.4393	0.07969,-0.4396	0.08114,-0.4399	0.0826,-0.4403	0.08406,-0.4406	0.08495,-0.4412	0.08618,-0.4415	0.08569,-0.4424	0.08815,-0.4413	0.08793,-0.4417	0.08738,-0.4423	0.08683,-0.4429	0.08628,-0.4436	0.08573,-0.4442	0.08518,-0.4448	0.08463,-0.4455	0.08408,-0.4461	0.08353,-0.4467	0.08208,-0.4479	0.08483,-0.446	0.08902,-0.4414	0.09148,-0.4369	0.09491,-0.4314	0.09788,-0.4255	0.1005,-0.4205	0.1031,-0.4155	0.1057,-0.4105	0.1083,-0.4055	0.111,-0.4005	0.1137,-0.3967	0.117,-0.3924	0.1207,-0.3852	0.1215,-0.3763	0.1218,-0.3709	0.1222,-0.3655	0.1225,-0.3601	0.1229,-0.3548	0.1232,-0.3494	0.1236,-0.344	0.124,-0.3378	0.1237,-0.3329	0.1242,-0.3275	0.1252,-0.3227	0.1272,-0.3201	0.1277,-0.3149	0.1282,-0.3097	0.1287,-0.3044	0.1292,-0.2992	0.1297,-0.294	0.1298,-0.2895	0.131,-0.2852	0.1336,-0.2802	0.1366,-0.2755	0.1395,-0.2709	0.1426,-0.2659	0.1456,-0.2611	0.1487,-0.2564	0.1517,-0.2517	0.1545,-0.2468	0.1571,-0.2418	0.1598,-0.2368	0.1624,-0.2318	0.165,-0.2268	0.1676,-0.2218	0.1702,-0.2168	0.1702,-0.2133	0.1695,-0.2099	0.1691,-0.2059	0.1692,-0.2015	0.1699,-0.1966	0.1714,-0.1915	0.1737,-0.1865	0.1763,-0.1815	0.1789,-0.1765	0.1818,-0.1721	0.1851,-0.1676	0.1884,-0.163	0.1917,-0.1584	0.195,-0.1538	0.1984,-0.1493	0.2016,-0.1448	0.2045,-0.1401	0.2075,-0.1353	0.2105,-0.1305	0.2134,-0.1257	0.2164,-0.1209	0.2194,-0.1161	0.2224,-0.1113	0.2253,-0.1065	0.2278,-0.1021	0.231,-0.09749	0.2337,-0.09112	0.2356,-0.08428	0.2345,-0.07782	0.2332,-0.07347	0.2309,-0.06881	0.2292,-0.06333	0.2267,-0.05772	0.2235,-0.0526	0.2197,-0.04865	0.2199,-0.04733	0.22,-0.04647	0.2157,-0.04952	0.2111,-0.05284	0.2069,-0.05627	0.2026,-0.05992	0.1983,-0.06356	0.1941,-0.06708	0.1896,-0.0704	0.185,-0.07372	0.1805,-0.07704	0.1759,-0.08036	0.1713,-0.08368	0.1668,-0.087	0.1622,-0.09032	0.1576,-0.09364	0.1537,-0.09672	0.1512,-0.1005	0.1501,-0.1048	0.1507,-0.1093	0.1528,-0.1133	0.1562,-0.1162	0.1605,-0.1178	0.165,-0.1177	0.1704,-0.1164	0.1755,-0.1152	0.1807,-0.1152	0.1863,-0.1155	0.1917,-0.1155	0.1974,-0.1153	0.203,-0.1152	0.2085,-0.1151	0.2135,-0.1141	0.219,-0.1127	0.2245,-0.1114	0.2298,-0.1101	0.2349,-0.1097	0.2406,-0.1096	0.2462,-0.1095	0.2519,-0.1093	0.2575,-0.1092	0.2629,-0.1091	0.2675,-0.1087	0.2715,-0.1068	0.2747,-0.1036	0.2764,-0.09941	0.2771,-0.09449	0.2763,-0.08988	0.275,-0.08484	0.274,-0.07929	0.2729,-0.07375	0.2718,-0.06821	0.2707,-0.06266	0.2697,-0.05712	0.2686,-0.05158	0.2675,-0.04603	0.2664,-0.04049	0.2653,-0.03495	0.2641,-0.03034	0.2615,-0.02536	0.2589,-0.02036	0.2563,-0.01536	0.2536,-0.01035	0.2511,-0.005845	0.2478,-0.001271	0.2446,0.003151	0.2414,0.006734	0.2395,0.01102	0.2381,0.01647	0.2366,0.02192	0.2351,0.02737	0.2336,0.03282	0.2322,0.03827	0.2307,0.04372	0.2292,0.04917	0.2277,0.05462	0.2262,0.06007	0.2248,0.06552	0.2233,0.07097	0.2218,0.07642	0.2203,0.08187	0.2189,0.08691	0.2166,0.09078	0.2131,0.09357	0.2084,0.09507	0.2029,0.0963	0.1974,0.09753	0.1919,0.09876	0.1863,0.09998	0.1808,0.1012	0.1753,0.1024	0.1698,0.1037	0.1643,0.1049	0.1594,0.1065
12	-0.01346,0.07469	-0.01654,0.07396	-0.02168,0.07173	-0.02686,0.06947	-0.03203,0.06721	-0.03721,0.06494	-0.04238,0.06268	-0.04756,0.06042	-0.05273,0.05816	-0.05791,0.05626	-0.06373,0.05659	-0.07065,0.05747	-0.07561,0.05754	-0.08239,0.05565	-0.0901,0.05415	-0.0953,0.05229	-0.1001,0.0505	-0.1044,0.04859	-0.1084,0.04681	-0.1133,0.0451	-0.1173,0.04385	-0.1222,0.04214	-0.1255,0.04124	-0.1299,0.03991	-0.1349,0.03903	-0.1399,0.03814	-0.145,0.03725	-0.15,0.03637	-0.155,0.03548	-0.16,0.03459	-0.1662,0.03396	-0.1711,0.03314	-0.1761,0.03232	-0.181,0.0315	-0.186,0.03067	-0.1903,0.03016	-0.1938,0.02949	-0.1946,0.02954	-0.1948,0.02857	-0.1953,0.02725	-0.1962,0.02506	-0.1976,0.02211	-0.1997,0.01861	-0.2028,0.01586	-0.2054,0.01367	-0.2085,0.01362	-0.2106,0.01256	-0.2125,0.01118	-0.2144,0.009807	-0.2163,0.008431	-0.2183,0.007055	-0.2208,0.007151	-0.2224,0.006286	-0.2241,0.005446	-0.2257,0.004606	-0.2274,0.003765	-0.2291,0.002925	-0.2303,0.001509	-0.2311,0.0008968	-0.2326,0.001739	-0.2345,0.004048	-0.2352,0.004657	-0.2355,0.004707	-0.2357,0.004764	-0.236,0.004822	-0.2363,0.004879	-0.2375,0.006063	-0.2418,0.008779	-0.2457,0.009893	-0.2476,0.009984	-0.2495,0.01009	-0.2548,0.01249	-0.2564,0.01339	-0.257,0.01393	-0.2576,0.01448	-0.2581,0.01503	-0.2587,0.01557	-0.2599,0.01623	-0.2608,0.01665	-0.2616,0.01705	-0.2624,0.01746	-0.2674,0.01874	-0.2722,0.0193	-0.2763,0.01921	-0.2796,0.01863	-0.28,0.01809	-0.2803,0.01734	-0.2799,0.01751	-0.2786,0.02358	-0.2779,0.02738	-0.277,0.03176	-0.2754,0.0351	-0.2783,0.03526	-0.2838,0.03256	-0.2895,0.028	-0.2944,0.02154	-0.2978,0.01334	-0.299,0.004002	-0.2983,-0.005395	-0.2955,-0.01431	-0.2939,-0.01662	-0.2924,-0.01628	-0.2911,-0.01538	-0.2878,-0.01848	-0.2857,-0.0229	-0.2837,-0.02818	-0.2817,-0.03346	-0.2797,-0.03873	-0.2776,-0.04401	-0.2756,-0.04929	-0.2739,-0.05464	-0.2725,-0.06008	-0.2712,-0.06552	-0.2698,-0.07095	-0.2684,-0.07639	-0.269,-0.07952	-0.2699,-0.08163	-0.2692,-0.08657	-0.2684,-0.09175	-0.2684,-0.09772	-0.2685,-0.1021	-0.2685,-0.1066	-0.2684,-0.1115	-0.2691,-0.1141	-0.2693,-0.1167	-0.2713,-0.1242	-0.2725,-0.1305	-0.2732,-0.1337	-0.2733,-0.1376	-0.2736,-0.1409	-0.2739,-0.1443	-0.2742,-0.1476	-0.2745,-0.1509	-0.2743,-0.1577	-0.2739,-0.1636	-0.2741,-0.1662	-0.2744,-0.1688	-0.2747,-0.1715	-0.2749,-0.1741	-0.2752,-0.1767	-0.2754,-0.1793	-0.2757,-0.182	-0.2776,-0.1797	-0.2781,-0.1762	-0.2773,-0.1739	-0.2763,-0.1739	-0.2753,-0.1739	-0.2743,-0.1738	-0.2734,-0.1738	-0.2724,-0.1738	-0.2714,-0.1738	-0.2704,-0.1737	-0.2694,-0.1737	-0.2685,-0.1737	-0.2675,-0.1737	-0.2665,-0.1705	-0.2653,-0.1673	-0.2641,-0.1654	-0.2629,-0.1639	-0.2657,-0.1659	-0.2687,-0.168	-0.2717,-0.1688	-0.2737,-0.1704	-0.2762,-0.1727	-0.2794,-0.1776	-0.2812,-0.18	-0.2835,-0.1827	-0.2871,-0.1864	-0.2902,-0.1897	-0.2929,-0.1968	-0.2946,-0.2004	-0.2952,-0.202	-0.2968,-0.2066	-0.3,-0.2123	-0.3038,-0.2195	-0.3065,-0.2272	-0.3082,-0.2352	-0.309,-0.2422	-0.3113,-0.2436	-0.3137,-0.2449	-0.3166,-0.2443	-0.3184,-0.2432	-0.3197,-0.2433	-0.3211,-0.2434	-0.3224,-0.2435	-0.324,-0.2429	-0.3261,-0.2367	-0.3271,-0.237	-0.3281,-0.238	-0.3291,-0.24	-0.33,-0.2409	-0.3308,-0.2401	-0.3309,-0.2365	-0.3323,-0.2381	-0.3335,-0.2395	-0.3349,-0.2415	-0.3363,-0.2436	-0.3378,-0.2456	-0.3392,-0.2477	-0.3407,-0.2497	-0.3424,-0.2525	-0.3438,-0.2549	-0.3453,-0.2579	-0.3467,-0.2591	-0.3479,-0.2644	-0.349,-0.2655	-0.3501,-0.2651	-0.3513,-0.2647	-0.3525,-0.2642	-0.3536,-0.2638	-0.3544,-0.2643	-0.3554,-0.2638	-0.3564,-0.2632	-0.3573,-0.2626	-0.358,-0.263	-0.3589,-0.2623	-0.3596,-0.2573	-0.3586,-0.2509	-0.358,-0.2486	-0.3563,-0.2444	-0.3525,-0.2373	-0.3481,-0.2335	-0.3454,-0.2303	-0.3426,-0.2268	-0.3399,-0.2234	-0.3371,-0.2199	-0.3343,-0.2165	-0.331,-0.2131	-0.3265,-0.2097	-0.322,-0.2063	-0.3174,-0.2029	-0.3151,-0.1984	-0.3124,-0.1938	-0.31,-0.1917	-0.3065,-0.1881	-0.3028,-0.1839	-0.2986,-0.1758	-0.2951,-0.1716	-0.2933,-0.1668	-0.29,-0.1623	-0.2883,-0.1574	-0.2856,-0.1532	-0.2816,-0.1494	-0.2782,-0.1448	-0.2735,-0.1429	-0.2701,-0.1386	-0.267,-0.1297	-0.2644,-0.1206	-0.2587,-0.1114	-0.2562,-0.1074	-0.2526,-0.1032	-0.249,-0.09892	-0.2458,-0.09495	-0.2427,-0.09136	-0.241,-0.09012	-0.2376,-0.08654	-0.2339,-0.08273	-0.228,-0.07913	-0.2249,-0.07375	-0.2225,-0.06884	-0.2198,-0.06387	-0.2171,-0.0589	-0.2144,-0.05393	-0.212,-0.04884	-0.2101,-0.04355	-0.2081,-0.03826	-0.2062,-0.03297	-0.2043,-0.02768	-0.2033,-0.02375	-0.1985,-0.01573	-0.1896,-0.004848	-0.1797,0.004098	-0.1695,0.01095	-0.1594,0.01572	-0.1575,0.0209	-0.156,0.02622	-0.1545,0.03154	-0.153,0.03685	-0.1516,0.04217	-0.1523,0.0473	-0.1549,0.04953	-0.1556,0.05108	-0.1563,0.05261	-0.157,0.05414	-0.1576,0.05567	-0.1583,0.05721	-0.159,0.05874	-0.1597,0.06027	-0.163,0.0614	-0.1707,0.06067	-0.1728,0.06096	-0.1757,0.06058	-0.1766,0.06077	-0.177,0.06116	-0.1772,0.06158	-0.1765,0.06233	-0.1765,0.06257	-0.1766,0.06282	-0.1766,0.06307	-0.1766,0.06331	-0.1767,0.06356	-0.1767,0.0638	-0.1774,0.06362	-0.1796,0.06206	-0.1826,0.0598	-0.1837,0.05907	-0.1854,0.05608	-0.1845,0.05654	-0.184,0.05642	-0.1836,0.0563	-0.1831,0.05618	-0.1827,0.05607	-0.1822,0.05595	-0.1818,0.05583	-0.1813,0.05572	-0.1809,0.0556	-0.1804,0.05548	-0.18,0.05537	-0.1795,0.05525	-0.1801,0.05323	-0.1799,0.05286	-0.1798,0.05248	-0.1807,0.0498	-0.1817,0.0447	-0.1821,0.04108	-0.1829,0.03957	-0.1835,0.03839	-0.1843,0.03446	-0.1859,0.03173	-0.1877,0.02915	-0.1895,0.02657	-0.1909,0.02379	-0.1923,0.02107	-0.1944,0.01874	-0.1967,0.01665	-0.199,0.01456	-0.2013,0.01247	-0.2035,0.009501	-0.2057,0.007593	-0.2065,0.004382	-0.2071,-0.0004981	-0.2083,-0.006013	-0.2096,-0.01153	-0.2108,-0.01704	-0.2116,-0.02239	-0.2124,-0.02798	-0.2133,-0.03357	-0.2141,-0.03916	-0.2149,-0.04475	-0.2157,-0.05034	-0.2165,-0.05592	-0.2173,-0.06151	-0.2177,-0.06669	-0.2177,-0.07233	-0.2177,-0.07798	-0.2177,-0.08363	-0.2177,-0.08927	-0.2177,-0.09492	-0.2177,-0.1006	-0.2177,-0.1062	-0.2177,-0.1119	-0.218,-0.1173	-0.2184,-0.1229	-0.2194,-0.1275	-0.2214,-0.1328	-0.2234,-0.1381	-0.2252,-0.143	-0.226,-0.1479	-0.228,-0.1527	-0.2303,-0.1578	-0.2327,-0.1629	-0.235,-0.1679	-0.236,-0.1723	-0.2355,-0.1774	-0.2351,-0.1828	-0.2346,-0.1884	-0.2342,-0.1941	-0.2338,-0.1997	-0.2334,-0.2053	-0.233,-0.2109	-0.2326,-0.2166	-0.2321,-0.2218	-0.2309,-0.2273	-0.2295,-0.2325	-0.2279,-0.2379	-0.2262,-0.2433	-0.2246,-0.2487	-0.223,-0.2541	-0.2213,-0.2586	-0.2182,-0.2633	-0.2151,-0.268	-0.2121,-0.2727	-0.209,-0.2775	-0.2059,-0.2822	-0.2028,-0.2869	-0.1998,-0.2915	-0.1975,-0.2959	-0.1968,-0.3005	-0.1968,-0.3062	-0.1967,-0.3118	-0.1967,-0.3175	-0.1967,-0.3231	-0.1961,-0.3276	-0.194,-0.3316	-0.1906,-0.3345	-0.186,-0.3362	-0.1805,-0.3377	-0.1751,-0.3392	-0.1696,-0.3407	-0.1646,-0.3421	-0.1607,-0.3444	-0.158,-0.348	-0.156,-0.353	-0.154,-0.3583	-0.1519,-0.3635	-0.1496,-0.3679	-0.1465,-0.3726	-0.1436,-0.377	-0.1402,-0.3799	-0.136,-0.3815	-0.1304,-0.3822	-0.1248,-0.3829	-0.1192,-0.3835	-0.1136,-0.3842	-0.108,-0.3849	-0.1024,-0.3856	-0.09677,-0.3863	-0.09116,-0.3869	-0.08556,-0.3876	-0.08037,-0.3883	-0.07526,-0.39	-0.06993,-0.3919	-0.0646,-0.3937	-0.05927,-0.3956	-0.05395,-0.3975	-0.04862,-0.3994	-0.04329,-0.4012	-0.03796,-0.4031	-0.03264,-0.405	-0.02731,-0.4068	-0.02198,-0.4087	-0.01666,-0.4106	-0.01133,-0.4125	-0.006,-0.4143	-0.000673,-0.4162	0.003757,-0.4184	0.008555,-0.4214	0.01335,-0.4244	0.01815,-0.4274	0.02279,-0.4303	0.02664,-0.4337	0.03069,-0.4376	0.03473,-0.4416	0.03867,-0.4452	0.0414,-0.445	0.04413,-0.4448	0.04689,-0.4451	0.04993,-0.4449	0.05242,-0.4444	0.05549,-0.4425	0.05803,-0.4413	0.05894,-0.4416	0.0586,-0.4421	0.05799,-0.4421	0.05737,-0.4421	0.05675,-0.4422	0.05613,-0.4422	0.05551,-0.4423	0.05489,-0.4423	0.05427,-0.4423	0.05365,-0.4424	0.05302,-0.4424	0.0524,-0.4425	0.05154,-0.4428	0.05051,-0.4428	0.04947,-0.4429	0.04843,-0.443	0.04739,-0.443	0.04636,-0.4431	0.04532,-0.4432	0.04874,-0.4429
13	0.2135,0.007298	0.2135,0.00414	0.2146,-0.00137	0.2157,-0.006913	0.2167,-0.01246	0.2178,-0.018	0.2189,-0.02354	0.2202,-0.0288	0.2217,-0.03425	0.2232,-0.0397	0.2247,-0.04515	0.2261,-0.0506	0.2276,-0.05606	0.2291,-0.06151	0.2305,-0.06696	0.232,-0.07241	0.2335,-0.07786	0.235,-0.08331	0.2365,-0.0885	0.2384,-0.09384	0.2402,-0.09917	0.2421,-0.1045	0.244,-0.1098	0.2458,-0.1152	0.2477,-0.1205	0.2496,-0.1258	0.2514,-0.1311	0.2533,-0.1365	0.2552,-0.1418	0.257,-0.1471	0.2589,-0.1525	0.2607,-0.1576	0.2613,-0.1621	0.2605,-0.1674	0.2595,-0.173	0.2586,-0.1785	0.2576,-0.1841	0.2566,-0.1897	0.2558,-0.1948	0.2563,-0.1993	0.2583,-0.2033	0.262,-0.2073	0.2659,-0.2113	0.2699,-0.2154	0.2738,-0.2194	0.2777,-0.2235	0.2817,-0.2275	0.2856,-0.2316	0.2895,-0.2356	0.2935,-0.2397	0.2974,-0.2437	0.3013,-0.2478	0.3052,-0.2517	0.3089,-0.2542	0.3133,-0.2552	0.3177,-0.2547	0.3221,-0.2524	0.3268,-0.2493	0.3315,-0.2462	0.3359,-0.2433	0.3394,-0.2395	0.3431,-0.2352	0.3467,-0.2309	0.3504,-0.2266	0.354,-0.2223	0.3577,-0.218	0.3613,-0.2137	0.3648,-0.2099	0.3691,-0.2061	0.3733,-0.2024	0.3775,-0.1987	0.3818,-0.1949	0.386,-0.1912	0.3901,-0.1876	0.3937,-0.1835	0.3973,-0.1792	0.401,-0.1749	0.4046,-0.1706	0.4081,-0.1671	0.4121,-0.1649	0.411,-0.1619	0.4112,-0.1612	0.4142,-0.163	0.4153,-0.1653	0.4163,-0.1695	0.4149,-0.1738	0.4132,-0.1781	0.4115,-0.1823	0.4097,-0.1862	0.4077,-0.1898	0.4057,-0.1934	0.4038,-0.1969	0.4022,-0.201	0.4006,-0.2051	0.3984,-0.2092	0.3962,-0.2133	0.3939,-0.2173	0.3917,-0.2214	0.3895,-0.2255	0.3872,-0.2295	0.385,-0.2336	0.3826,-0.2371	0.3801,-0.2405	0.3777,-0.2438	0.3752,-0.2472	0.3736,-0.2515	0.3708,-0.2553	0.368,-0.2591	0.3642,-0.2625	0.3592,-0.265	0.3556,-0.2673	0.3546,-0.2683	0.3546,-0.2683	0.3546,-0.2683	0.3549,-0.269	0.3542,-0.27	0.3535,-0.271	0.3528,-0.272	0.352,-0.273	0.3513,-0.274	0.3506,-0.275	0.3498,-0.276	0.3491,-0.277	0.3484,-0.2781	0.347,-0.2792	0.3452,-0.2807	0.3451,-0.281	0.3452,-0.2811	0.3452,-0.2811	0.3452,-0.2811	0.3452,-0.2811	0.3452,-0.2811	0.3452,-0.2811	0.3453,-0.2806	0.3457,-0.2802	0.3457,-0.2802	0.3457,-0.2802	0.3457,-0.2802	0.3457,-0.2802	0.3457,-0.2802	0.3457,-0.2802	0.3457,-0.2802	0.3457,-0.2802	0.3457,-0.2802	0.3457,-0.2802	0.3457,-0.2802	0.3457,-0.2802	0.3457,-0.2802	0.3461,-0.2803	0.3463,-0.2815	0.3456,-0.2821	0.345,-0.2828	0.3443,-0.2835	0.3437,-0.2842	0.343,-0.2849	0.3424,-0.2856	0.3411,-0.2863	0.3395,-0.2876	0.3401,-0.2883	0.3409,-0.2875	0.3415,-0.2867	0.3418,-0.2863	0.3422,-0.2852	0.3425,-0.2845	0.3425,-0.2845	0.3425,-0.2845	0.3425,-0.2844	0.3426,-0.2843	0.3426,-0.2843	0.3426,-0.2843	0.3426,-0.2843	0.3426,-0.2843	0.3426,-0.2843	0.3426,-0.2843	0.3426,-0.2843	0.3426,-0.2843	0.3426,-0.2843	0.3426,-0.2847	0.3426,-0.2847	0.3426,-0.2847	0.3426,-0.2847	0.3426,-0.2847	0.3411,-0.2865	0.3382,-0.289	0.3364,-0.2909	0.3354,-0.292	0.3339,-0.2936	0.3319,-0.2961	0.3294,-0.3003	0.3271,-0.3028	0.3252,-0.3048	0.3234,-0.3067	0.3213,-0.3089	0.3192,-0.3112	0.317,-0.3134	0.3149,-0.3157	0.3126,-0.3182	0.3109,-0.32	0.3074,-0.3231	0.3041,-0.3255	0.3034,-0.3261	0.3013,-0.3279	0.2998,-0.3291	0.2988,-0.3299	0.297,-0.3314	0.2953,-0.3328	0.2935,-0.3343	0.2917,-0.3358	0.29,-0.3372	0.2881,-0.3393	0.2862,-0.3409	0.2842,-0.3426	0.2822,-0.3443	0.2801,-0.346	0.2781,-0.3477	0.2761,-0.3493	0.274,-0.351	0.272,-0.3527	0.27,-0.3543	0.2681,-0.3559	0.2657,-0.3579	0.2634,-0.3596	0.2612,-0.3607	0.2593,-0.362	0.2574,-0.3632	0.2555,-0.3644	0.2536,-0.3656	0.2517,-0.3668	0.2514,-0.3669	0.25,-0.3679	0.2485,-0.3688	0.247,-0.3697	0.2456,-0.3707	0.2441,-0.3716	0.2426,-0.3725	0.2412,-0.375	0.2396,-0.3787	0.2391,-0.3826	0.2371,-0.3872	0.233,-0.3924	0.2283,-0.3969	0.2264,-0.3996	0.2242,-0.4017	0.2212,-0.4032	0.2181,-0.4046	0.215,-0.4061	0.2132,-0.4069	0.2116,-0.407	0.2078,-0.4072	0.204,-0.4073	0.2002,-0.4075	0.1964,-0.4076	0.1938,-0.4074	0.1904,-0.4076	0.1869,-0.4078	0.1826,-0.4092	0.1784,-0.4108	0.1772,-0.4112	0.1762,-0.4114	0.1764,-0.4116	0.1766,-0.4117	0.1768,-0.4119	0.1778,-0.4116	0.1783,-0.4115	0.1787,-0.411	0.1791,-0.4109	0.1794,-0.4108	0.1796,-0.4105	0.18,-0.4102	0.1808,-0.409	0.1802,-0.406	0.1764,-0.4017	0.1727,-0.3975	0.1689,-0.3933	0.1652,-0.39	0.1606,-0.3867	0.1561,-0.3834	0.1515,-0.38	0.1469,-0.3767	0.1424,-0.3734	0.1378,-0.3701	0.1336,-0.3667	0.1293,-0.363	0.1249,-0.3594	0.1206,-0.3558	0.1163,-0.3521	0.112,-0.3485	0.1077,-0.3448	0.1034,-0.3412	0.09907,-0.3375	0.09475,-0.3339	0.09044,-0.3302	0.08613,-0.3266	0.08181,-0.323	0.07764,-0.3194	0.074,-0.3155	0.07026,-0.3112	0.06657,-0.3073	0.06253,-0.3033	0.05849,-0.2994	0.05445,-0.2954	0.05041,-0.2915	0.04638,-0.2875	0.04234,-0.2836	0.0383,-0.2796	0.03426,-0.2757	0.03022,-0.2717	0.02619,-0.2678	0.02215,-0.2638	0.01824,-0.26	0.01522,-0.2559	0.01213,-0.2511	0.009042,-0.2464	0.005951,-0.2417	0.00286,-0.237	-0.0002318,-0.2322	-0.003323,-0.2275	-0.006415,-0.2228	-0.009506,-0.218	-0.0126,-0.2133	-0.01569,-0.2086	-0.018,-0.2044	-0.01871,-0.2	-0.0178,-0.1956	-0.01539,-0.1918	-0.01178,-0.1891	-0.007453,-0.1878	-0.002964,-0.1882	0.001103,-0.1901	0.00422,-0.1934	0.006165,-0.1979	0.008129,-0.202	0.01133,-0.2061	0.0135,-0.2108	0.01556,-0.2158	0.01803,-0.2208	0.02053,-0.2259	0.02304,-0.231	0.02555,-0.236	0.02805,-0.2411	0.03056,-0.2461	0.03306,-0.2512	0.03557,-0.2563	0.03807,-0.2613	0.04058,-0.2664	0.04308,-0.2714	0.04559,-0.2765	0.0481,-0.2816	0.0506,-0.2866	0.05311,-0.2917	0.05561,-0.2968	0.05812,-0.3018	0.06062,-0.3069	0.0629,-0.3116	0.06428,-0.3168	0.06564,-0.3223	0.06699,-0.3278	0.06835,-0.3332	0.0697,-0.3387	0.07106,-0.3442	0.07214,-0.3495	0.07306,-0.3549	0.07439,-0.3603	0.07575,-0.3658	0.0771,-0.3713	0.07841,-0.3766	0.08013,-0.3819	0.08159,-0.3872	0.08295,-0.3926	0.0843,-0.3981	0.08518,-0.4031	0.08471,-0.4075	0.08268,-0.4116	0.0794,-0.4158	0.07609,-0.4204	0.07277,-0.425	0.06946,-0.4295	0.06614,-0.4341	0.06283,-0.4387	0.05951,-0.4433	0.05694,-0.4438	0.05444,-0.4439	0.05105,-0.443	0.04948,-0.4431	0.04816,-0.4432	0.04685,-0.4433	0.04554,-0.4433	0.04423,-0.4434	0.04292,-0.4435	0.04158,-0.4439	0.03992,-0.444	0.0382,-0.4441	0.03616,-0.4439	0.03484,-0.444	0.03353,-0.4441	0.03213,-0.4448	0.03019,-0.445	0.02808,-0.4451	0.02596,-0.4453	0.02384,-0.4454	0.02173,-0.4455	0.01961,-0.4457	0.0174,-0.4466	0.01459,-0.4468	0.01172,-0.447	0.008843,-0.4472	0.005968,-0.4474	0.002977,-0.4491	-0.0006344,-0.4488	-0.004296,-0.4486	-0.007957,-0.4484	-0.01162,-0.4482	-0.01541,-0.4474	-0.01945,-0.4458	-0.02174,-0.4456	-0.02396,-0.4455	-0.02618,-0.4454	-0.0284,-0.4452	-0.03062,-0.4451	-0.03284,-0.4449	-0.03506,-0.4448	-0.03728,-0.4447	-0.0395,-0.4445	-0.04172,-0.4444	-0.04498,-0.4427	-0.0471,-0.4423	-0.04733,-0.4431	-0.04558,-0.4451	-0.04206,-0.4476	-0.03767,-0.4479	-0.03342,-0.4488	-0.02907,-0.4499	-0.02441,-0.4494	-0.01896,-0.4479	-0.01351,-0.4465	-0.00806,-0.445	-0.002611,-0.4435	0.002837,-0.442	0.00812,-0.4408	0.01366,-0.4397	0.0192,-0.4386	0.02456,-0.4378	0.03017,-0.4371	0.03515,-0.4367	0.03995,-0.4378	0.04532,-0.4395	0.05069,-0.4413	0.05607,-0.443	0.06144,-0.4448	0.06594,-0.4446	0.07013,-0.4438	0.07432,-0.443	0.07852,-0.4422	0.08271,-0.4414	0.0869,-0.4406	0.0911,-0.4398	0.09529,-0.439	0.09949,-0.4382	0.1037,-0.4374	0.1075,-0.4357	0.1108,-0.4346	0.114,-0.4336	0.1173,-0.4316	0.1203,-0.4305	0.1229,-0.4297	0.1254,-0.4289	0.128,-0.428	0.1305,-0.4272	0.1333,-0.4268	0.1361,-0.4259	0.1391,-0.4249	0.142,-0.424	0.1449,-0.423	0.149,-0.4242	0.1539,-0.4237	0.1584,-0.4221	0.1624,-0.4202	0.1663,-0.4171	0.1698,-0.4155	0.1733,-0.4138	0.1739,-0.4136
14	0.05097,-0.03829	0.05412,-0.03851	0.05847,-0.04025	0.06317,-0.04304	0.06798,-0.04488	0.07334,-0.04665	0.07781,-0.04749	0.08242,-0.04665	0.08721,-0.04517	0.09171,-0.04524	0.09629,-0.04702	0.1013,-0.04955	0.1064,-0.05207	0.1114,-0.05459	0.1162,-0.05674	0.1215,-0.05851	0.1269,-0.06028	0.1323,-0.06204	0.1376,-0.06381	0.1424,-0.06592	0.1474,-0.06844	0.1525,-0.07097	0.1575,-0.07349	0.1626,-0.07601	0.1676,-0.07854	0.1727,-0.08106	0.1777,-0.08359	0.1828,-0.08611	0.1878,-0.08863	0.1929,-0.09116	0.1979,-0.0933	0.2031,-0.09545	0.2083,-0.09761	0.2135,-0.09976	0.2184,-0.1014	0.2239,-0.1028	0.2294,-0.1042	0.2349,-0.1055	0.2404,-0.1069	0.2458,-0.1083	0.2513,-0.1096	0.2568,-0.111	0.2618,-0.1124	0.2657,-0.1147	0.2689,-0.1182	0.2726,-0.1208	0.2769,-0.122	0.2823,-0.1218	0.288,-0.1216	0.2934,-0.1217	0.299,-0.1218	0.3047,-0.122	0.3103,-0.1221	0.316,-0.1223	0.3216,-0.1225	0.3272,-0.1226	0.3322,-0.1226	0.3375,-0.1213	0.3429,-0.1198	0.3482,-0.1187	0.3535,-0.1173	0.3589,-0.1159	0.3644,-0.1144	0.3698,-0.113	0.3753,-0.1115	0.3807,-0.11	0.3862,-0.1086	0.3911,-0.1075	0.3956,-0.1078	0.4003,-0.1099	0.4051,-0.1124	0.41,-0.1153	0.4148,-0.1182	0.4197,-0.121	0.4245,-0.1239	0.4269,-0.1255	0.4269,-0.1257	0.4268,-0.1259	0.4268,-0.1262	0.4267,-0.1264	0.4274,-0.1264	0.4272,-0.1275	0.4268,-0.1289	0.4265,-0.1303	0.4261,-0.1318	0.4257,-0.1332	0.4253,-0.1344	0.4251,-0.1351	0.4248,-0.1358	0.4245,-0.1365	0.4234,-0.1379	0.4237,-0.138	0.4231,-0.1386	0.4226,-0.14	0.4236,-0.1401	0.4251,-0.1388	0.4256,-0.1366	0.4262,-0.1343	0.4268,-0.132	0.4274,-0.1298	0.428,-0.1275	0.4285,-0.1253	0.4291,-0.123	0.4301,-0.1208	0.4329,-0.1182	0.434,-0.1142	0.435,-0.1103	0.436,-0.1063	0.437,-0.1024	0.438,-0.09845	0.439,-0.09451	0.4399,-0.09066	0.4403,-0.08716	0.4407,-0.08367	0.4412,-0.08017	0.4416,-0.07668	0.443,-0.07327	0.4437,-0.06917	0.4442,-0.06505	0.4447,-0.06093	0.4453,-0.05681	0.4458,-0.05269	0.4463,-0.04857	0.4463,-0.04408	0.4468,-0.04021	0.4473,-0.03639	0.4474,-0.03295	0.4474,-0.02968	0.4474,-0.02641	0.4469,-0.02298	0.4451,-0.01883	0.4443,-0.01603	0.4447,-0.01511	0.4463,-0.01625	0.4488,-0.01932	0.4494,-0.02329	0.4492,-0.02756	0.4486,-0.03177	0.4488,-0.03599	0.4493,-0.04047	0.4482,-0.04483	0.4456,-0.0498	0.4429,-0.05479	0.4403,-0.05978	0.4376,-0.06477	0.435,-0.06976	0.4323,-0.07475	0.4297,-0.07974	0.4271,-0.08473	0.4244,-0.08972	0.4218,-0.09472	0.4191,-0.09971	0.4165,-0.1047	0.4138,-0.1097	0.4112,-0.1147	0.4086,-0.1197	0.4059,-0.1247	0.4033,-0.1297	0.4006,-0.1346	0.398,-0.1396	0.3954,-0.1446	0.3927,-0.1496	0.3901,-0.1546	0.3874,-0.1596	0.3848,-0.1646	0.3821,-0.1696	0.3795,-0.1746	0.3767,-0.1792	0.3737,-0.184	0.3707,-0.1888	0.3677,-0.1936	0.3647,-0.1984	0.3621,-0.2029	0.3598,-0.208	0.3576,-0.2132	0.3553,-0.2184	0.353,-0.2235	0.3508,-0.2287	0.3485,-0.2339	0.3462,-0.239	0.3439,-0.2442	0.3417,-0.2494	0.3399,-0.2518	0.3398,-0.2553	0.3364,-0.2573	0.3322,-0.259	0.3307,-0.2606	0.3302,-0.2632	0.3297,-0.2676	0.3274,-0.2701	0.3239,-0.2721	0.3207,-0.2743	0.3185,-0.2766	0.3164,-0.2788	0.3143,-0.2811	0.3122,-0.2833	0.3107,-0.2871	0.308,-0.2908	0.304,-0.2942	0.3001,-0.2969	0.2935,-0.2986	0.2911,-0.3007	0.2866,-0.3027	0.2828,-0.305	0.281,-0.3065	0.2792,-0.308	0.2775,-0.3094	0.2757,-0.3109	0.2739,-0.3124	0.2726,-0.3134	0.2708,-0.3149	0.2688,-0.3166	0.2667,-0.3183	0.2647,-0.32	0.2626,-0.3217	0.2606,-0.3234	0.2586,-0.3251	0.2565,-0.3267	0.2546,-0.3288	0.2525,-0.3316	0.2501,-0.3336	0.2478,-0.3353	0.2454,-0.337	0.2434,-0.3382	0.2416,-0.3394	0.2397,-0.3406	0.2378,-0.3418	0.2359,-0.343	0.2318,-0.3454	0.2303,-0.3463	0.2288,-0.3473	0.2274,-0.3482	0.2259,-0.3491	0.2244,-0.3501	0.223,-0.351	0.2225,-0.3498	0.2226,-0.3495	0.2196,-0.3502	0.2154,-0.3515	0.2161,-0.3519	0.2172,-0.3531	0.2152,-0.3557	0.2131,-0.3579	0.21,-0.3594	0.2069,-0.3608	0.2039,-0.3622	0.1987,-0.3635	0.1916,-0.3649	0.1878,-0.3651	0.1839,-0.3652	0.1801,-0.3654	0.1763,-0.3655	0.1713,-0.3664	0.1678,-0.3666	0.1643,-0.3668	0.164,-0.3657	0.1676,-0.3643	0.1689,-0.3643	0.1702,-0.3644	0.1704,-0.3645	0.1706,-0.3647	0.1708,-0.3648	0.1702,-0.3653	0.1705,-0.3652	0.171,-0.3652	0.1712,-0.3651	0.1715,-0.3651	0.172,-0.3653	0.1724,-0.365	0.1724,-0.3655	0.1738,-0.3662	0.1783,-0.3661	0.1837,-0.3646	0.1892,-0.3632	0.1946,-0.3617	0.2001,-0.3603	0.2043,-0.3585	0.2076,-0.3554	0.2095,-0.3514	0.2099,-0.3469	0.2089,-0.3416	0.2077,-0.3361	0.2065,-0.3306	0.2053,-0.3251	0.2041,-0.3195	0.203,-0.314	0.2018,-0.3085	0.2006,-0.303	0.1994,-0.2975	0.1982,-0.2919	0.197,-0.2864	0.1958,-0.2809	0.1949,-0.276	0.1949,-0.2704	0.195,-0.2647	0.195,-0.2591	0.195,-0.2534	0.195,-0.2478	0.1947,-0.243	0.1932,-0.2376	0.1906,-0.2349	0.1876,-0.2324	0.1847,-0.2292	0.1818,-0.2253	0.1793,-0.2207	0.1774,-0.2156	0.1758,-0.2102	0.1742,-0.2047	0.1725,-0.1999	0.1701,-0.1947	0.1677,-0.1896	0.1654,-0.1845	0.163,-0.1793	0.1607,-0.1742	0.1583,-0.1691	0.156,-0.1639	0.1536,-0.1588	0.1513,-0.1537	0.1489,-0.1485	0.1466,-0.1434	0.1442,-0.1383	0.1419,-0.1331	0.1395,-0.1283	0.1367,-0.1233	0.134,-0.1184	0.1313,-0.1134	0.1286,-0.1087	0.1255,-0.104	0.1225,-0.09942	0.1192,-0.09493	0.1158,-0.09043	0.1124,-0.08592	0.109,-0.08152	0.1082,-0.08194	0.1074,-0.08236	0.1066,-0.08278	0.1058,-0.0832	0.105,-0.08362	0.1042,-0.08404	0.1028,-0.08482	0.105,-0.08171	0.1065,-0.07729	0.107,-0.07198	0.1062,-0.06616	0.1044,-0.05941	0.1013,-0.05388	0.09765,-0.04908	0.09384,-0.04465	0.09012,-0.0404	0.08639,-0.03616	0.08267,-0.03191	0.07895,-0.02767	0.07523,-0.02342	0.0715,-0.01917	0.06778,-0.01493	0.06437,-0.01095	0.06169,-0.006286	0.05897,-0.001336	0.05625,0.003613	0.05354,0.008562	0.05082,0.01351	0.0481,0.01846	0.0454,0.02212	0.04115,0.02577	0.03705,0.02933	0.03781,0.03146	0.03836,0.03278	0.03891,0.03411	0.03945,0.03543	0.04,0.03676	0.04055,0.03809	0.0411,0.03941	0.04142,0.04017	0.04214,0.04164	0.04285,0.0431	0.04357,0.04457	0.04428,0.04603	0.04499,0.0475	0.04571,0.04896	0.04642,0.05043	0.04714,0.05189	0.04785,0.05336	0.04856,0.05482	0.04737,0.05191	0.04513,0.04992	0.0428,0.0491	0.04132,0.04936	0.03982,0.04961	0.04132,0.05352	0.04235,0.05765	0.0418,0.06164	0.03998,0.06604	0.03835,0.06735	0.03688,0.06841	0.03509,0.07479	0.03282,0.07976	0.03166,0.08303	0.03046,0.08735	0.02969,0.09053	0.02884,0.09331	0.02854,0.09505	0.02812,0.09878	0.02769,0.1025	0.02726,0.1062	0.02684,0.11	0.02641,0.1137	0.02643,0.1164	0.02588,0.1199	0.02534,0.1235	0.02484,0.1293	0.02385,0.1366	0.02192,0.1435	0.02101,0.1475	0.02376,0.1441	0.02532,0.1391	0.02546,0.1341	0.02479,0.1315	0.02412,0.129	0.0237,0.1285	0.02153,0.1306	0.01771,0.1334	0.01277,0.1355	0.007045,0.1366	0.00278,0.1371	-0.000787,0.1381	-0.005815,0.1406	-0.008726,0.1422	-0.01159,0.1438	-0.01446,0.1454	-0.01732,0.147	-0.02019,0.1486	-0.02305,0.1502	-0.02592,0.1518	-0.02879,0.1534	-0.03165,0.155	-0.03707,0.1582	-0.04607,0.1605	-0.05726,0.1588	-0.06713,0.1532	-0.07443,0.1446	-0.0782,0.1339	-0.07874,0.1288	-0.0795,0.1264	-0.08025,0.1239	-0.08101,0.1214	-0.08175,0.12	-0.08229,0.1177	-0.08272,0.1158	-0.08337,0.1134	-0.08401,0.1109	-0.08362,0.1047	-0.08387,0.1022	-0.08441,0.1037	-0.08373,0.1036	-0.0831,0.1012	-0.08263,0.09797	-0.08247,0.09573	-0.08235,0.09344	-0.08222,0.09115	-0.08209,0.08887	-0.08249,0.08587	-0.0828,0.08402	-0.08305,0.08301	-0.08326,0.08047	-0.08355,0.07852	-0.08386,0.07667	-0.08419,0.07682	-0.08297,0.07916	-0.08,0.08257	-0.07762,0.08333	-0.07545,0.0836	-0.07328,0.08387	-0.07111,0.08415	-0.06894,0.08442	-0.06678,0.08469	-0.06505,0.08435	-0.06486,0.08102	-0.06336,0.07956	-0.06158,0.08269	-0.06188,0.08163	-0.06138,0.08226
15	0.01678,-0.1899	0.01661,-0.1861	0.01642,-0.1805	0.01623,-0.1748	0.01605,-0.1692	0.01586,-0.1635	0.01568,-0.1579	0.01549,-0.1523	0.01531,-0.1466	0.01512,-0.141	0.01493,-0.1353	0.0146,-0.1324	0.0141,-0.1323	0.01437,-0.1319	0.01502,-0.1312	0.01483,-0.131	0.01356,-0.1315	0.0123,-0.132	0.01177,-0.1318	0.01032,-0.1324	0.008873,-0.1329	0.007423,-0.1334	0.005189,-0.1341	0.003315,-0.1345	0.001311,-0.135	-0.0003855,-0.1354	-0.002081,-0.1359	-0.003777,-0.1363	-0.001879,-0.1338	-0.0001739,-0.13	0.0008616,-0.1252	0.0009532,-0.1197	0.000786,-0.1159	0.001668,-0.1131	0.002003,-0.1133	0.001583,-0.1116	0.002674,-0.1116	0.005792,-0.1143	0.008017,-0.117	0.01011,-0.1198	0.01221,-0.1225	0.01431,-0.1253	0.0164,-0.1281	0.0185,-0.1309	0.02059,-0.1337	0.02269,-0.1365	0.02713,-0.1371	0.03198,-0.1349	0.03333,-0.1375	0.03385,-0.1398	0.03473,-0.1433	0.03645,-0.1458	0.03747,-0.1494	0.03772,-0.1534	0.0385,-0.1578	0.03919,-0.1624	0.03988,-0.1669	0.04056,-0.1714	0.04125,-0.176	0.04194,-0.1805	0.04483,-0.1823	0.04892,-0.1807	0.05069,-0.1804	0.04888,-0.1841	0.04918,-0.1886	0.04982,-0.1929	0.05054,-0.197	0.05114,-0.2011	0.05159,-0.2043	0.04961,-0.2075	0.04672,-0.2114	0.04342,-0.2121	0.04212,-0.2086	0.03913,-0.2083	0.03656,-0.211	0.03556,-0.2154	0.03618,-0.2199	0.03834,-0.2238	0.04176,-0.2268	0.046,-0.2283	0.0505,-0.2282	0.05535,-0.2265	0.06056,-0.2243	0.06578,-0.2221	0.07099,-0.22	0.07621,-0.2178	0.08142,-0.2156	0.08664,-0.2135	0.09186,-0.2113	0.09707,-0.2092	0.1023,-0.207	0.1075,-0.2048	0.1127,-0.2027	0.1179,-0.2005	0.1231,-0.1983	0.1284,-0.1962	0.1334,-0.1941	0.1375,-0.1913	0.1419,-0.1878	0.1462,-0.1842	0.1506,-0.1806	0.155,-0.1771	0.1586,-0.1736	0.1621,-0.1692	0.1656,-0.1648	0.1687,-0.162	0.1711,-0.1647	0.1732,-0.1655	0.1734,-0.1641	0.1741,-0.1636	0.1748,-0.163	0.1756,-0.1624	0.1738,-0.1591	0.1746,-0.1599	0.1766,-0.1631	0.177,-0.1639	0.1773,-0.1647	0.1811,-0.1682	0.1857,-0.1701	0.1881,-0.1688	0.1914,-0.1673	0.1948,-0.1658	0.1986,-0.165	0.2016,-0.1639	0.2046,-0.1628	0.2076,-0.1617	0.2107,-0.1606	0.2137,-0.1595	0.2154,-0.1578	0.2152,-0.155	0.2175,-0.154	0.2188,-0.1525	0.2199,-0.1515	0.2214,-0.1516	0.2228,-0.1518	0.2243,-0.152	0.2258,-0.1521	0.2272,-0.1523	0.2287,-0.1524	0.2293,-0.1513	0.2291,-0.1485	0.2293,-0.1446	0.2308,-0.1398	0.233,-0.1388	0.2337,-0.1406	0.2316,-0.1466	0.2342,-0.1472	0.234,-0.1511	0.2329,-0.1559	0.2326,-0.1592	0.2337,-0.16	0.2351,-0.1614	0.2364,-0.1636	0.2384,-0.166	0.2395,-0.1695	0.2418,-0.1741	0.2441,-0.1792	0.2464,-0.1843	0.2487,-0.1893	0.2493,-0.194	0.2489,-0.1987	0.249,-0.2015	0.2486,-0.2057	0.248,-0.2101	0.2473,-0.2145	0.2467,-0.2189	0.2471,-0.2224	0.2492,-0.2244	0.2494,-0.2278	0.2458,-0.2319	0.2421,-0.2359	0.2397,-0.2385	0.2384,-0.2402	0.236,-0.2429	0.2323,-0.246	0.2292,-0.2491	0.2251,-0.2513	0.2209,-0.2535	0.2167,-0.2557	0.2125,-0.2579	0.2097,-0.2603	0.206,-0.2624	0.2007,-0.2646	0.1959,-0.2666	0.1911,-0.2692	0.1863,-0.2716	0.1826,-0.2735	0.1788,-0.2755	0.1741,-0.2776	0.1715,-0.2779	0.1676,-0.2784	0.1631,-0.2784	0.1586,-0.2785	0.1557,-0.2774	0.1531,-0.278	0.1506,-0.2793	0.1472,-0.2797	0.143,-0.2804	0.1379,-0.2808	0.1329,-0.2812	0.1279,-0.2816	0.1228,-0.282	0.1194,-0.2834	0.115,-0.2849	0.1106,-0.2864	0.1062,-0.2879	0.1018,-0.2894	0.09738,-0.2908	0.09298,-0.2923	0.09144,-0.2958	0.08668,-0.297	0.08226,-0.2983	0.07763,-0.3002	0.07267,-0.3028	0.06765,-0.3049	0.06274,-0.3072	0.05814,-0.3105	0.05462,-0.314	0.05122,-0.3185	0.04783,-0.323	0.04444,-0.3276	0.04099,-0.332	0.03709,-0.3351	0.03328,-0.3368	0.03173,-0.3397	0.03149,-0.3435	0.03103,-0.3472	0.03055,-0.3509	0.02811,-0.3543	0.02835,-0.3578	0.02829,-0.3612	0.027,-0.3648	0.02558,-0.3684	0.02495,-0.3716	0.02336,-0.3746	0.02222,-0.3785	0.02311,-0.382	0.02284,-0.382	0.0226,-0.3821	0.02237,-0.3821	0.02214,-0.3821	0.02427,-0.3846	0.02289,-0.3855	0.02156,-0.3856	0.01985,-0.3861	0.01826,-0.3868	0.01587,-0.3876	0.01236,-0.3888	0.007527,-0.39	0.001994,-0.3911	-0.003539,-0.3923	-0.009072,-0.3934	-0.0146,-0.3945	-0.01993,-0.3956	-0.02553,-0.3963	-0.03113,-0.397	-0.03653,-0.3975	-0.04216,-0.3978	-0.0478,-0.3981	-0.05344,-0.3984	-0.05908,-0.3988	-0.06472,-0.3991	-0.07035,-0.3994	-0.07599,-0.3997	-0.08163,-0.4	-0.08727,-0.4004	-0.09291,-0.4007	-0.09855,-0.401	-0.1042,-0.4013	-0.1098,-0.4016	-0.1155,-0.4019	-0.1211,-0.4023	-0.1256,-0.4031	-0.1294,-0.4055	-0.1322,-0.409	-0.1335,-0.4133	-0.1332,-0.4178	-0.1313,-0.4219	-0.1279,-0.4264	-0.1244,-0.4308	-0.1208,-0.4322	-0.1172,-0.4331	-0.1139,-0.4338	-0.1107,-0.4344	-0.1075,-0.435	-0.1042,-0.4356	-0.101,-0.4362	-0.09773,-0.4368	-0.09448,-0.4375	-0.09124,-0.4381	-0.08799,-0.4387	-0.08481,-0.4397	-0.08139,-0.4426	-0.07697,-0.4442	-0.07142,-0.4452	-0.06587,-0.4463	-0.06032,-0.4473	-0.05477,-0.4484	-0.04922,-0.4494	-0.04367,-0.4505	-0.03825,-0.4509	-0.03283,-0.4512	-0.02741,-0.4515	-0.02199,-0.4519	-0.01657,-0.4522	-0.01115,-0.4526	-0.005914,-0.4525	-0.0007991,-0.4522	0.004315,-0.4519	0.00943,-0.4515	0.01448,-0.4518	0.02013,-0.4521	0.02562,-0.4518	0.03108,-0.4515	0.03654,-0.4511	0.04196,-0.4483	0.04686,-0.4462	0.05048,-0.4458	0.05366,-0.4451	0.05683,-0.4445	0.06008,-0.4435	0.06376,-0.4412	0.06529,-0.4409	0.06658,-0.4407	0.06786,-0.4404	0.06914,-0.4402	0.07043,-0.4399	0.07171,-0.4397	0.07299,-0.4394	0.07427,-0.4392	0.0759,-0.4386	0.07686,-0.4384	0.07773,-0.4382	0.07861,-0.4381	0.07949,-0.4379	0.08036,-0.4377	0.08218,-0.4367	0.08281,-0.4365	0.08333,-0.4367	0.08329,-0.4367	0.08324,-0.4367	0.08319,-0.4367	0.08314,-0.4368	0.0831,-0.4368	0.08305,-0.4368	0.08269,-0.4379	0.08096,-0.4386	0.0789,-0.439	0.07682,-0.4394	0.07475,-0.4398	0.07268,-0.4402	0.07038,-0.4403	0.06776,-0.4401	0.06685,-0.4403	0.06596,-0.4411	0.06403,-0.4436	0.06096,-0.4445	0.05764,-0.4457	0.0537,-0.4478	0.04924,-0.4485	0.04485,-0.4475	0.03979,-0.4451	0.03471,-0.4426	0.02962,-0.4402	0.02549,-0.4378	0.02259,-0.4343	0.02005,-0.4293	0.0175,-0.4243	0.01495,-0.4192	0.01257,-0.4144	0.01039,-0.4092	0.008216,-0.4039	0.006041,-0.3987	0.003867,-0.3935	0.002556,-0.3887	0.001557,-0.3832	0.0005576,-0.3776	-0.0004413,-0.3721	-0.00144,-0.3665	-0.002439,-0.361	-0.003438,-0.3554	-0.004437,-0.3498	-0.005436,-0.3443	-0.006435,-0.3387	-0.007488,-0.3338	-0.009629,-0.3286	-0.0118,-0.3234	-0.01398,-0.3182	-0.01615,-0.313	-0.01833,-0.3078	-0.0205,-0.3026	-0.02282,-0.2979	-0.02572,-0.2931	-0.02863,-0.2883	-0.03153,-0.2834	-0.03444,-0.2786	-0.03734,-0.2737	-0.04025,-0.2689	-0.04315,-0.264	-0.04605,-0.2592	-0.04896,-0.2544	-0.05186,-0.2495	-0.05477,-0.2447	-0.05767,-0.2398	-0.06058,-0.235	-0.06348,-0.2301	-0.06638,-0.2253	-0.06929,-0.2205	-0.07188,-0.2157	-0.07443,-0.2107	-0.07697,-0.2056	-0.07952,-0.2006	-0.08193,-0.1962	-0.08521,-0.1931	-0.09005,-0.1903	-0.09495,-0.1875	-0.09984,-0.1846	-0.1047,-0.1818	-0.1096,-0.179	-0.1145,-0.1762	-0.1194,-0.1733	-0.1243,-0.1705	-0.1292,-0.1677	-0.1341,-0.1649	-0.139,-0.1621	-0.1439,-0.1592	-0.1488,-0.1564	-0.1536,-0.1536	-0.1585,-0.1508	-0.1634,-0.1479	-0.1683,-0.1451	-0.1729,-0.1423	-0.1776,-0.1391	-0.1823,-0.136	-0.187,-0.1328	-0.1916,-0.1296	-0.196,-0.1269	-0.2011,-0.1244	-0.2062,-0.1219	-0.2113,-0.1195	-0.2164,-0.117	-0.2214,-0.1146	-0.2265,-0.1121	-0.2307,-0.1097	-0.2336,-0.1063	-0.2354,-0.1015	-0.2372,-0.09611	-0.2389,-0.09093	-0.2413,-0.08608	-0.2438,-0.08104	-0.2464,-0.076	-0.2489,-0.07096	-0.2515,-0.06592	-0.254,-0.06088	-0.2566,-0.05584	-0.2591,-0.0508	-0.2617,-0.04576	-0.2642,-0.04201	-0.2679,-0.03942	-0.2723,-0.03832	-0.2768,-0.03883	-0.282,-0.04072	-0.2873,-0.04263	-0.2927,-0.04455	-0.2978,-0.04633	-0.3028,-0.0478	-0.3073,-0.05035	-0.3121,-0.05336	-0.3168,-0.05638	-0.3216,-0.0594	-0.3264,-0.06242	-0.3311,-0.06543	-0.3357,-0.06838	-0.3399,-0.07184	-0.3442,-0.07552	-0.3484,-0.07919	-0.3527,-0.08287	-0.357,-0.08654	-0.3613,-0.09022	-0.3656,-0.09389	-0.3699,-0.09757
16	-0.03788,-0.02075	-0.03948,-0.0173	-0.04192,-0.01221	-0.04435,-0.007114	-0.04679,-0.002021	-0.04923,0.003072	-0.05167,0.008165	-0.05416,0.01197	-0.0578,0.01463	-0.06295,0.01647	-0.06746,0.01611	-0.0705,0.01552	-0.07546,0.01559	-0.07785,0.01628	-0.07929,0.01489	-0.08364,0.01321	-0.08843,0.01142	-0.09356,0.009803	-0.09918,0.008282	-0.1042,0.006574	-0.11,0.004341	-0.1149,0.002639	-0.1214,6.352e-05	-0.1266,-0.0007496	-0.1317,-0.001637	-0.1367,-0.002523	-0.1417,-0.00341	-0.1467,-0.004297	-0.1518,-0.005184	-0.1568,-0.006071	-0.1606,-0.007093	-0.1656,-0.007914	-0.1705,-0.008735	-0.1755,-0.009556	-0.1805,-0.01038	-0.186,-0.01156	-0.1918,-0.013	-0.2002,-0.01528	-0.2094,-0.01614	-0.2185,-0.01584	-0.2275,-0.01428	-0.2361,-0.01153	-0.2438,-0.00768	-0.2494,-0.005178	-0.252,-0.007366	-0.2528,-0.01218	-0.2539,-0.015	-0.2558,-0.01638	-0.2577,-0.01775	-0.2596,-0.01913	-0.2615,-0.0205	-0.262,-0.02329	-0.2637,-0.02416	-0.2653,-0.025	-0.267,-0.02584	-0.2687,-0.02668	-0.2703,-0.02752	-0.2724,-0.02761	-0.2743,-0.02642	-0.275,-0.02695	-0.2735,-0.02931	-0.2731,-0.02993	-0.2734,-0.02988	-0.2736,-0.02982	-0.2739,-0.02976	-0.2742,-0.02971	-0.2731,-0.03082	-0.27,-0.03353	-0.2688,-0.03479	-0.2707,-0.0347	-0.2726,-0.0346	-0.2699,-0.03631	-0.2695,-0.0361	-0.2701,-0.03555	-0.2706,-0.03501	-0.2712,-0.03446	-0.2717,-0.03391	-0.2716,-0.0335	-0.2723,-0.03311	-0.2731,-0.0327	-0.2739,-0.0323	-0.2701,-0.03247	-0.2656,-0.03117	-0.2612,-0.02836	-0.2571,-0.02417	-0.2542,-0.0193	-0.2503,-0.01312	-0.2477,-0.00693	-0.2481,-0.004644	-0.2474,-0.0008455	-0.2465,0.003532	-0.2453,0.006455	-0.2427,0.009913	-0.2418,0.01326	-0.2427,0.01631	-0.2447,0.01852	-0.2474,0.01954	-0.2501,0.0193	-0.2531,0.01833	-0.2559,0.01659	-0.2569,0.01245	-0.2552,0.006575	-0.2533,-0.0002465	-0.2521,-0.004597	-0.2495,-0.009545	-0.2468,-0.01452	-0.2449,-0.01888	-0.2441,-0.0242	-0.2433,-0.0298	-0.2426,-0.0354	-0.2416,-0.04093	-0.2402,-0.04637	-0.2388,-0.0518	-0.2375,-0.05724	-0.2361,-0.06268	-0.2326,-0.0702	-0.2292,-0.07922	-0.2284,-0.08501	-0.2277,-0.09019	-0.2271,-0.09408	-0.2267,-0.09977	-0.2266,-0.1052	-0.2265,-0.1101	-0.2256,-0.1173	-0.2252,-0.1243	-0.2243,-0.124	-0.2247,-0.1244	-0.2254,-0.1275	-0.2261,-0.1301	-0.2264,-0.1334	-0.2267,-0.1367	-0.227,-0.1401	-0.2273,-0.1434	-0.228,-0.143	-0.2288,-0.1432	-0.229,-0.1458	-0.2293,-0.1485	-0.2296,-0.1511	-0.2298,-0.1537	-0.2301,-0.1563	-0.2303,-0.159	-0.2306,-0.1616	-0.2285,-0.1674	-0.227,-0.173	-0.2261,-0.1764	-0.2251,-0.1764	-0.2241,-0.1764	-0.2232,-0.1763	-0.2222,-0.1763	-0.2212,-0.1763	-0.2202,-0.1763	-0.2192,-0.1762	-0.2183,-0.1762	-0.2173,-0.1762	-0.2163,-0.1762	-0.2162,-0.18	-0.2182,-0.1853	-0.2217,-0.1898	-0.2267,-0.1941	-0.2297,-0.1961	-0.2327,-0.1982	-0.235,-0.2011	-0.2373,-0.203	-0.2391,-0.2041	-0.24,-0.2039	-0.2426,-0.2069	-0.245,-0.2096	-0.2462,-0.2111	-0.2478,-0.2123	-0.249,-0.211	-0.2507,-0.2144	-0.2534,-0.2195	-0.255,-0.2222	-0.2555,-0.224	-0.2558,-0.2234	-0.257,-0.2225	-0.2593,-0.2214	-0.2624,-0.221	-0.2647,-0.2225	-0.2671,-0.2237	-0.2687,-0.2261	-0.2698,-0.2269	-0.2711,-0.227	-0.2725,-0.2271	-0.2738,-0.2272	-0.275,-0.2281	-0.2753,-0.2343	-0.2763,-0.2353	-0.2773,-0.2363	-0.2782,-0.2363	-0.2791,-0.2371	-0.2801,-0.2395	-0.2819,-0.2447	-0.2833,-0.2465	-0.285,-0.249	-0.2864,-0.251	-0.2879,-0.2531	-0.2893,-0.2551	-0.2908,-0.2572	-0.2922,-0.2592	-0.2934,-0.2605	-0.2947,-0.2621	-0.2957,-0.2629	-0.2962,-0.2646	-0.297,-0.2608	-0.2983,-0.2597	-0.2995,-0.2592	-0.3006,-0.2588	-0.3018,-0.2584	-0.303,-0.258	-0.3041,-0.2566	-0.3051,-0.256	-0.306,-0.2554	-0.307,-0.2548	-0.3081,-0.2533	-0.309,-0.2526	-0.3093,-0.2553	-0.3098,-0.258	-0.3092,-0.2558	-0.3093,-0.2556	-0.3103,-0.2577	-0.3102,-0.2561	-0.3075,-0.2527	-0.3047,-0.2492	-0.3019,-0.2458	-0.2991,-0.2423	-0.2964,-0.2389	-0.2931,-0.2355	-0.2885,-0.2321	-0.284,-0.2287	-0.2795,-0.2253	-0.2772,-0.2208	-0.2744,-0.2162	-0.2694,-0.2113	-0.2659,-0.2077	-0.2622,-0.2034	-0.2593,-0.1998	-0.2558,-0.1956	-0.2539,-0.1908	-0.2507,-0.1863	-0.2489,-0.1814	-0.2463,-0.1771	-0.2435,-0.1733	-0.2402,-0.1688	-0.2379,-0.1647	-0.2345,-0.1602	-0.2314,-0.1563	-0.2302,-0.1524	-0.2279,-0.148	-0.2254,-0.1439	-0.2218,-0.1397	-0.2182,-0.1355	-0.215,-0.1315	-0.2118,-0.1279	-0.2069,-0.1243	-0.2035,-0.1207	-0.1998,-0.1169	-0.1974,-0.1141	-0.1958,-0.1095	-0.1934,-0.1046	-0.1907,-0.09959	-0.188,-0.09463	-0.1853,-0.08966	-0.1829,-0.08457	-0.181,-0.07928	-0.179,-0.07399	-0.1771,-0.0687	-0.1751,-0.06341	-0.1725,-0.05837	-0.1708,-0.05385	-0.1692,-0.04854	-0.1676,-0.04319	-0.166,-0.03778	-0.1645,-0.03236	-0.1627,-0.02714	-0.1612,-0.02183	-0.1597,-0.01651	-0.1583,-0.0112	-0.1568,-0.005881	-0.1544,-0.001238	-0.1539,0.001339	-0.1546,0.002886	-0.1553,0.004418	-0.156,0.005949	-0.1566,0.00748	-0.1573,0.009012	-0.158,0.01054	-0.1587,0.01207	-0.1571,0.01369	-0.1524,0.01596	-0.1522,0.01745	-0.1506,0.01939	-0.151,0.01997	-0.1515,0.02036	-0.1522,0.02074	-0.1532,0.0205	-0.1532,0.02075	-0.1532,0.02099	-0.1533,0.02124	-0.1533,0.02148	-0.1533,0.02173	-0.1533,0.02198	-0.1527,0.02259	-0.1515,0.02352	-0.149,0.02618	-0.1479,0.02771	-0.1458,0.03055	-0.1463,0.02975	-0.1458,0.02963	-0.1454,0.02952	-0.1449,0.0294	-0.1445,0.02928	-0.144,0.02917	-0.1436,0.02905	-0.1431,0.02893	-0.1427,0.02882	-0.1422,0.0287	-0.1418,0.02858	-0.1413,0.02847	-0.1399,0.03006	-0.1397,0.02969	-0.1396,0.02931	-0.1384,0.03106	-0.1371,0.03438	-0.1372,0.03561	-0.1379,0.03409	-0.1398,0.03278	-0.1419,0.03382	-0.1436,0.0317	-0.1454,0.02912	-0.1472,0.02654	-0.1493,0.02431	-0.1513,0.02215	-0.1538,0.02034	-0.1561,0.01825	-0.1584,0.01615	-0.1608,0.01406	-0.1632,0.01322	-0.1655,0.01131	-0.1693,0.01106	-0.1742,0.01271	-0.1794,0.0149	-0.1846,0.0171	-0.1898,0.01929	-0.195,0.02149	-0.2003,0.02369	-0.2055,0.02588	-0.2107,0.02808	-0.2159,0.03027	-0.2211,0.03247	-0.2263,0.03467	-0.2312,0.0369	-0.2362,0.03947	-0.2413,0.04204	-0.2458,0.04416	-0.2507,0.04479	-0.2563,0.045	-0.262,0.04521	-0.2676,0.04542	-0.2732,0.04563	-0.2789,0.04584	-0.2845,0.04605	-0.2897,0.04675	-0.2952,0.04778	-0.3008,0.0488	-0.3063,0.04982	-0.3119,0.05084	-0.3174,0.05186	-0.323,0.05289	-0.3285,0.05391	-0.3337,0.05491	-0.339,0.05669	-0.3441,0.05864	-0.3493,0.06084	-0.3545,0.06303	-0.3597,0.06523	-0.3649,0.06742	-0.3701,0.06962	-0.3753,0.07182	-0.3805,0.07401	-0.3857,0.07621	-0.3909,0.0784	-0.3961,0.0806	-0.4013,0.08279	-0.4065,0.08499	-0.4117,0.08719	-0.4169,0.08938	-0.4219,0.09151	-0.4269,0.09404	-0.432,0.09661	-0.4338,0.09776	-0.4336,0.09823	-0.4336,0.09823	-0.4336,0.09823	-0.4336,0.09823	-0.4336,0.09823	-0.4337,0.09821	-0.4346,0.09871	-0.4353,0.101	-0.4333,0.1039	-0.4327,0.106	-0.4324,0.1075	-0.432,0.1089	-0.4316,0.1104	-0.4312,0.1119	-0.4308,0.1134	-0.4311,0.1152	-0.4305,0.1174	-0.4295,0.1198	-0.4291,0.1217	-0.4286,0.1236	-0.4281,0.1254	-0.4276,0.1273	-0.4278,0.1294	-0.4273,0.1319	-0.4265,0.1341	-0.4257,0.136	-0.425,0.1379	-0.4249,0.1402	-0.426,0.1442	-0.4246,0.1485	-0.423,0.1526	-0.4214,0.1567	-0.4197,0.1608	-0.4181,0.1649	-0.4165,0.169	-0.4148,0.1732	-0.4132,0.1773	-0.4116,0.1814	-0.4098,0.1853	-0.4079,0.1887	-0.4061,0.1922	-0.4042,0.1956	-0.4023,0.199	-0.3988,0.2022	-0.3972,0.2051	-0.3958,0.2077	-0.3944,0.2102	-0.393,0.2128	-0.3916,0.2153	-0.3902,0.2178	-0.3888,0.2204	-0.3874,0.2229	-0.3851,0.2254	-0.3821,0.228	-0.3808,0.2296	-0.3816,0.2301	-0.3843,0.2294	-0.3881,0.2274	-0.3912,0.2241	-0.3929,0.2199	-0.3931,0.2154	-0.3916,0.2112	-0.3884,0.2071	-0.3847,0.2028	-0.381,0.1985	-0.3776,0.1946	-0.3738,0.1921	-0.3686,0.1902	-0.3633,0.1882	-0.3589,0.1859	-0.3541,0.1829	-0.3493,0.1798	-0.3446,0.1768	-0.3403,0.1738	-0.3364,0.1704	-0.3339,0.1666	-0.333,0.1622	-0.3336,0.1577	-0.3358,0.1538	-0.3394,0.1508	-0.3442,0.1479	-0.3491,0.145	-0.3539,0.142	-0.3587,0.1391	-0.3633,0.1363	-0.3679,0.133	-0.3726,0.1298	-0.3772,0.1265	-0.3818,0.1232	-0.3862,0.1201
17	-0.09805,0.1292	-0.09519,0.1267	-0.09149,0.1234	-0.08808,0.1189	-0.08467,0.1144	-0.08126,0.1099	-0.07784,0.1054	-0.07443,0.1009	-0.07123,0.09769	-0.06649,0.0947	-0.0617,0.0917	-0.05691,0.0887	-0.05213,0.08571	-0.04734,0.08271	-0.04255,0.07971	-0.03777,0.07672	-0.03298,0.07372	-0.02884,0.07184	-0.02352,0.07107	-0.01875,0.07083	-0.01444,0.07215	-0.01088,0.0749	-0.00852,0.07874	-0.007679,0.08317	-0.008461,0.0876	-0.01076,0.09148	-0.01471,0.09514	-0.0189,0.09858	-0.02337,0.102	-0.02784,0.1055	-0.03231,0.1089	-0.03678,0.1124	-0.04125,0.1158	-0.04536,0.1191	-0.04805,0.1227	-0.04927,0.127	-0.04889,0.1315	-0.04693,0.1356	-0.04367,0.1387	-0.03951,0.1404	-0.03501,0.1406	-0.03074,0.1391	-0.02667,0.136	-0.02239,0.1326	-0.01784,0.1293	-0.01328,0.126	-0.009094,0.1225	-0.00479,0.1189	-0.0004864,0.1152	0.003817,0.1116	0.008121,0.1079	0.01242,0.1042	0.01673,0.1006	0.02103,0.09693	0.02534,0.09327	0.02941,0.09006	0.0342,0.08706	0.03835,0.08426	0.04112,0.08072	0.04281,0.07585	0.04441,0.07043	0.04601,0.06502	0.04761,0.0596	0.0492,0.05418	0.0508,0.04877	0.0524,0.04335	0.05399,0.03793	0.05559,0.03252	0.05702,0.02748	0.05705,0.02279	0.05622,0.01721	0.05539,0.01162	0.05514,0.006438	0.05526,0.001021	0.05565,-0.004613	0.05605,-0.01025	0.05644,-0.01588	0.05712,-0.02126	0.05792,-0.02685	0.05871,-0.03244	0.05951,-0.03803	0.06031,-0.04362	0.06111,-0.04921	0.06219,-0.05428	0.06379,-0.0597	0.06539,-0.06512	0.06698,-0.07053	0.06858,-0.07595	0.07018,-0.08136	0.07178,-0.08678	0.07337,-0.0922	0.07497,-0.09761	0.07657,-0.103	0.07817,-0.1084	0.07942,-0.1133	0.07914,-0.1178	0.07718,-0.1226	0.07478,-0.1277	0.07239,-0.1328	0.07,-0.1379	0.0676,-0.143	0.06563,-0.1476	0.06523,-0.1521	0.06653,-0.1568	0.06851,-0.1621	0.0705,-0.1674	0.07248,-0.1727	0.07447,-0.178	0.07648,-0.1823	0.07964,-0.1855	0.08374,-0.1874	0.08823,-0.1877	0.09254,-0.1864	0.09611,-0.1836	0.09854,-0.1796	0.1007,-0.1744	0.1028,-0.1694	0.1053,-0.1643	0.1078,-0.1593	0.1103,-0.1542	0.1128,-0.1492	0.1154,-0.1441	0.1179,-0.1391	0.1204,-0.134	0.1229,-0.129	0.1254,-0.1239	0.128,-0.1189	0.1305,-0.1138	0.133,-0.1088	0.1355,-0.1037	0.1381,-0.09865	0.1406,-0.0936	0.1431,-0.08855	0.1456,-0.0835	0.148,-0.07862	0.1502,-0.0734	0.1523,-0.06818	0.1545,-0.06296	0.1565,-0.05814	0.1593,-0.05331	0.1622,-0.04845	0.1651,-0.04359	0.168,-0.03874	0.1709,-0.03388	0.1738,-0.02903	0.1766,-0.02417	0.1795,-0.01954	0.1827,-0.01491	0.1859,-0.01027	0.1889,-0.006262	0.193,-0.002445	0.1972,0.000677	0.2018,0.003867	0.2065,0.007056	0.2111,0.01025	0.2158,0.01344	0.2205,0.01663	0.225,0.01957	0.2299,0.02241	0.2348,0.02526	0.2397,0.0281	0.2445,0.03094	0.2494,0.03379	0.2543,0.03663	0.2592,0.03948	0.2637,0.0424	0.2684,0.04558	0.2731,0.04877	0.2777,0.05196	0.2824,0.05515	0.287,0.05834	0.2917,0.06153	0.2964,0.06472	0.301,0.06791	0.3057,0.0711	0.3103,0.07429	0.3144,0.07751	0.3186,0.08134	0.3227,0.08517	0.3269,0.089	0.331,0.09282	0.3352,0.09665	0.3393,0.1005	0.3435,0.1043	0.3476,0.1081	0.3513,0.1108	0.3563,0.1122	0.3618,0.1135	0.3672,0.1149	0.3727,0.1162	0.3782,0.1175	0.3837,0.1189	0.3892,0.1202	0.3947,0.1215	0.4002,0.1228	0.4057,0.1242	0.4111,0.1255	0.4166,0.1268	0.4221,0.1282	0.4256,0.129	0.4256,0.1291	0.4264,0.1294	0.4279,0.128	0.4285,0.1257	0.4291,0.1234	0.4297,0.1211	0.4303,0.1188	0.4327,0.1166	0.4358,0.1132	0.4374,0.1091	0.4375,0.1045	0.4359,0.1003	0.433,0.09691	0.429,0.09477	0.4244,0.09417	0.4187,0.09432	0.4131,0.09447	0.4081,0.09444	0.4028,0.09313	0.3974,0.09166	0.3919,0.09019	0.387,0.08866	0.3818,0.08642	0.3766,0.08417	0.3714,0.08193	0.3662,0.07969	0.3615,0.07756	0.3567,0.07464	0.3519,0.07167	0.3471,0.0687	0.3423,0.06574	0.3375,0.06277	0.3326,0.0598	0.3278,0.05684	0.323,0.05387	0.3182,0.0509	0.3134,0.04794	0.3086,0.04497	0.3041,0.042	0.2995,0.0387	0.2949,0.03539	0.2904,0.03208	0.2858,0.02877	0.2812,0.02547	0.2766,0.02216	0.272,0.01885	0.2675,0.01555	0.2629,0.01224	0.2583,0.008934	0.254,0.005912	0.2491,0.003301	0.2441,0.00069	0.2391,-0.001921	0.2344,-0.004389	0.2303,-0.007771	0.2259,-0.0114	0.2216,-0.01503	0.2173,-0.01866	0.2129,-0.02229	0.2086,-0.02592	0.2043,-0.02955	0.2,-0.03318	0.1969,-0.03653	0.1948,-0.04125	0.1926,-0.0462	0.1905,-0.05099	0.1884,-0.05593	0.1864,-0.0612	0.1843,-0.06648	0.1823,-0.07175	0.1803,-0.07702	0.1783,-0.0823	0.1763,-0.08757	0.1743,-0.09285	0.1722,-0.09812	0.1702,-0.1034	0.1684,-0.1083	0.1672,-0.1138	0.1659,-0.1193	0.1647,-0.1248	0.1634,-0.1303	0.1622,-0.1358	0.161,-0.1413	0.1597,-0.1468	0.1585,-0.1523	0.1572,-0.1572	0.1546,-0.1616	0.1515,-0.1663	0.1484,-0.171	0.1453,-0.1758	0.1422,-0.1805	0.1391,-0.1852	0.136,-0.1899	0.1329,-0.1946	0.1298,-0.1993	0.1266,-0.2041	0.1235,-0.2088	0.1204,-0.2135	0.1173,-0.2182	0.1142,-0.2229	0.1111,-0.2276	0.108,-0.2323	0.1049,-0.2371	0.1018,-0.2418	0.09867,-0.2465	0.09556,-0.2512	0.09245,-0.2559	0.08942,-0.2604	0.08598,-0.2649	0.08256,-0.2691	0.07881,-0.2733	0.07505,-0.2775	0.07129,-0.2817	0.06777,-0.2856	0.06364,-0.2883	0.05863,-0.2909	0.05362,-0.2935	0.04862,-0.2961	0.04361,-0.2987	0.0386,-0.3013	0.03359,-0.3039	0.02875,-0.3065	0.02433,-0.3095	0.01976,-0.3128	0.01518,-0.3162	0.0106,-0.3195	0.006022,-0.3228	0.002723,-0.3259	0.0005517,-0.3303	-0.001466,-0.3356	-0.003484,-0.3409	-0.005502,-0.3461	-0.00752,-0.3514	-0.009538,-0.3567	-0.01156,-0.3619	-0.01357,-0.3672	-0.01559,-0.3725	-0.01761,-0.3778	-0.01963,-0.383	-0.02165,-0.3883	-0.02366,-0.3936	-0.02568,-0.3989	-0.0277,-0.4041	-0.02922,-0.4091	-0.03046,-0.4146	-0.03169,-0.4201	-0.03293,-0.4256	-0.03416,-0.4311	-0.0354,-0.4367	-0.03663,-0.4422	-0.0373,-0.4441	-0.03968,-0.446	-0.04362,-0.4481	-0.04827,-0.4487	-0.05391,-0.4486	-0.05956,-0.4484	-0.06497,-0.4478	-0.07014,-0.447	-0.07572,-0.4464	-0.08113,-0.4454	-0.08653,-0.4443	-0.09193,-0.4433	-0.09733,-0.4423	-0.1027,-0.4412	-0.1078,-0.4398	-0.1128,-0.4381	-0.1177,-0.4365	-0.1226,-0.4343	-0.1275,-0.4327	-0.1322,-0.4311	-0.137,-0.4296	-0.1418,-0.428	-0.1466,-0.4265	-0.1513,-0.4249	-0.1561,-0.4234	-0.1605,-0.4209	-0.1645,-0.4191	-0.1688,-0.4177	-0.173,-0.4158	-0.1771,-0.4138	-0.1813,-0.4119	-0.1855,-0.4099	-0.1896,-0.4079	-0.1938,-0.406	-0.1981,-0.4046	-0.203,-0.403	-0.2076,-0.4008	-0.2122,-0.399	-0.2164,-0.3964	-0.2203,-0.3939	-0.2205,-0.3938	-0.2205,-0.3938	-0.2205,-0.3938	-0.2205,-0.3938	-0.2181,-0.3912	-0.2136,-0.3871	-0.21,-0.3822	-0.2081,-0.3761	-0.2073,-0.3724	-0.2064,-0.3752	-0.2072,-0.3797	-0.2094,-0.3834	-0.2119,-0.386	-0.2137,-0.3874	-0.2162,-0.3912	-0.2193,-0.3962	-0.2226,-0.4004	-0.2249,-0.4022	-0.2242,-0.4018	-0.2281,-0.4029	-0.2258,-0.4008	-0.2196,-0.3976	-0.2152,-0.3948	-0.2116,-0.393	-0.2097,-0.3924	-0.2052,-0.3909	-0.2028,-0.3902	-0.1996,-0.3889	-0.1964,-0.3876	-0.1932,-0.3863	-0.1895,-0.3847	-0.1862,-0.3834	-0.1828,-0.3821	-0.1794,-0.3808	-0.176,-0.3795	-0.1739,-0.3785	-0.1702,-0.3775	-0.1664,-0.3765	-0.1637,-0.3761	-0.1601,-0.3751	-0.1569,-0.374	-0.157,-0.3731	-0.1533,-0.3731	-0.1486,-0.3734	-0.1439,-0.3737	-0.1392,-0.3739	-0.1353,-0.3744	-0.1329,-0.375	-0.1286,-0.3751	-0.1242,-0.3752	-0.1198,-0.3754	-0.1124,-0.3767	-0.1042,-0.3763	-0.09989,-0.3763	-0.09607,-0.3764	-0.09225,-0.3765	-0.08843,-0.3766	-0.08691,-0.3764	-0.08291,-0.3764	-0.08128,-0.3773	-0.07792,-0.377	-0.0746,-0.3765	-0.07402,-0.3762	-0.06983,-0.3767	-0.06564,-0.3771	-0.06145,-0.3776	-0.05725,-0.378	-0.05306,-0.3785	-0.04887,-0.379	-0.04468,-0.3794	-0.04239,-0.3792	-0.03804,-0.3806	-0.03367,-0.3819	-0.03054,-0.3833	-0.02626,-0.3845	-0.02277,-0.3858	-0.02165,-0.3866	-0.01867,-0.3869	-0.01904,-0.3868	-0.01554,-0.3891	-0.01206,-0.3913	-0.008732,-0.3931	-0.006135,-0.3952	-0.003242,-0.3978	-0.000221,-0.4011	0.002803,-0.4044	0.005828,-0.4076	0.009375,-0.4118	0.01214,-0.4151	0.01913,-0.4191	0.02431,-0.4195
18	0.2681,0.3539	0.2713,0.3534	0.2753,0.3514	0.2784,0.3479	0.2815,0.3432	0.2846,0.3384	0.2877,0.3337	0.2908,0.329	0.2938,0.3244	0.2958,0.3197	0.2978,0.3144	0.2998,0.3091	0.3018,0.3038	0.3037,0.2987	0.3062,0.294	0.309,0.289	0.3117,0.2841	0.3144,0.2792	0.3172,0.2742	0.3199,0.2693	0.3227,0.2643	0.3254,0.2594	0.3277,0.2545	0.3301,0.2494	0.3325,0.2443	0.3349,0.2391	0.3372,0.234	0.3396,0.2289	0.342,0.2238	0.3443,0.2186	0.3467,0.2135	0.3491,0.2084	0.3515,0.2033	0.3538,0.1981	0.3562,0.193	0.3586,0.1879	0.361,0.1828	0.3634,0.1779	0.3661,0.173	0.3688,0.168	0.3716,0.1631	0.3743,0.1582	0.377,0.1532	0.3798,0.1483	0.3825,0.1433	0.3853,0.1384	0.388,0.1335	0.3907,0.1298	0.3945,0.1274	0.3989,0.1264	0.4033,0.1271	0.4079,0.1295	0.4128,0.1324	0.4177,0.1352	0.4225,0.1381	0.4232,0.1385	0.4232,0.1385	0.4232,0.1385	0.4232,0.1385	0.4232,0.1385	0.4232,0.1385	0.4232,0.1385	0.4232,0.1385	0.4232,0.1385	0.4232,0.1385	0.4233,0.1385	0.4233,0.1385	0.4233,0.1385	0.4233,0.1385	0.4231,0.1388	0.4231,0.1388	0.4231,0.1388	0.4231,0.1388	0.4231,0.1388	0.4231,0.1388	0.4231,0.1388	0.4231,0.1388	0.4231,0.1388	0.4228,0.1391	0.4227,0.1394	0.4227,0.1393	0.4227,0.1393	0.4227,0.1393	0.4227,0.1393	0.4227,0.1393	0.4227,0.1393	0.4227,0.1393	0.4227,0.1393	0.4227,0.1393	0.4227,0.1393	0.4227,0.1393	0.4227,0.1393	0.4227,0.1393	0.4228,0.1397	0.4235,0.1399	0.4236,0.1392	0.4238,0.1385	0.424,0.1378	0.4242,0.137	0.4244,0.1363	0.4246,0.1356	0.4248,0.1349	0.4249,0.1341	0.4251,0.1334	0.4253,0.1327	0.4255,0.132	0.4257,0.1312	0.4259,0.1305	0.4261,0.1298	0.4262,0.1291	0.4264,0.1283	0.4266,0.1276	0.4268,0.1269	0.427,0.1261	0.4272,0.1254	0.4274,0.1247	0.4275,0.124	0.4277,0.1232	0.4282,0.1225	0.4285,0.1215	0.4288,0.1203	0.429,0.1192	0.4293,0.1181	0.4296,0.1169	0.4299,0.1158	0.4302,0.1147	0.4305,0.1136	0.4308,0.1124	0.4311,0.1113	0.432,0.1102	0.4325,0.1085	0.433,0.1065	0.4335,0.1046	0.434,0.1027	0.4344,0.1008	0.4349,0.09889	0.4354,0.09698	0.4359,0.09506	0.4364,0.09315	0.4359,0.08977	0.4361,0.08913	0.4361,0.08913	0.4368,0.08906	0.4388,0.08785	0.4416,0.08512	0.4438,0.08121	0.4455,0.07584	0.4467,0.07047	0.4474,0.06516	0.448,0.05986	0.4487,0.05456	0.4494,0.04926	0.4501,0.04396	0.4507,0.03866	0.4509,0.03357	0.4513,0.02861	0.4515,0.02334	0.4515,0.01813	0.4515,0.01292	0.4515,0.007705	0.4515,0.002492	0.4515,-0.002721	0.4515,-0.007934	0.4517,-0.01302	0.4522,-0.01848	0.4517,-0.02358	0.4517,-0.02821	0.4504,-0.03254	0.4476,-0.03629	0.4436,-0.04023	0.4395,-0.04418	0.4355,-0.04812	0.4314,-0.05206	0.4274,-0.056	0.4233,-0.05994	0.4193,-0.06388	0.4152,-0.06782	0.4113,-0.07163	0.4076,-0.07581	0.4038,-0.08003	0.4001,-0.08426	0.397,-0.0882	0.3943,-0.09282	0.3912,-0.09754	0.3881,-0.1023	0.385,-0.107	0.3819,-0.1117	0.3786,-0.1157	0.3749,-0.12	0.3711,-0.1242	0.3674,-0.1284	0.3636,-0.1326	0.3599,-0.1369	0.3561,-0.1411	0.3524,-0.1453	0.3486,-0.1495	0.3454,-0.1534	0.3438,-0.1576	0.3433,-0.1629	0.3428,-0.1686	0.3424,-0.1742	0.342,-0.1798	0.3416,-0.1854	0.3412,-0.1911	0.3411,-0.1965	0.3411,-0.2021	0.3411,-0.2078	0.3411,-0.2134	0.3411,-0.2191	0.341,-0.2247	0.341,-0.2304	0.3416,-0.2349	0.3436,-0.2401	0.3456,-0.2454	0.3476,-0.2507	0.3498,-0.2557	0.3522,-0.2608	0.3545,-0.2659	0.3552,-0.269	0.3543,-0.2702	0.3534,-0.2715	0.3525,-0.2727	0.3516,-0.2739	0.3507,-0.2752	0.3498,-0.2764	0.349,-0.2776	0.3481,-0.2788	0.3472,-0.2801	0.3463,-0.2813	0.3456,-0.2819	0.3452,-0.2828	0.3444,-0.2837	0.3436,-0.2846	0.3427,-0.2855	0.3419,-0.2863	0.3411,-0.2872	0.3402,-0.2881	0.3394,-0.289	0.3386,-0.2899	0.3377,-0.2908	0.3362,-0.2917	0.3344,-0.293	0.3343,-0.2936	0.3344,-0.2935	0.3345,-0.2934	0.3346,-0.2933	0.335,-0.2934	0.3364,-0.2928	0.3377,-0.2915	0.3389,-0.2902	0.3401,-0.2889	0.3418,-0.288	0.3433,-0.2866	0.3447,-0.2847	0.346,-0.2829	0.3474,-0.281	0.3487,-0.2792	0.3501,-0.2773	0.3514,-0.2754	0.3524,-0.2723	0.3532,-0.2712	0.3539,-0.2703	0.3547,-0.2691	0.3556,-0.268	0.3564,-0.2668	0.3572,-0.2657	0.3581,-0.2645	0.3589,-0.2634	0.3601,-0.2622	0.3616,-0.2614	0.3622,-0.2594	0.3631,-0.258	0.3632,-0.2579	0.3639,-0.2569	0.3645,-0.2561	0.3651,-0.2553	0.3657,-0.2545	0.3663,-0.2536	0.3669,-0.2528	0.3678,-0.2516	0.3685,-0.2506	0.3692,-0.2497	0.3699,-0.2487	0.3707,-0.2477	0.3714,-0.2467	0.3721,-0.2457	0.3723,-0.2455	0.3729,-0.2446	0.3735,-0.2438	0.3734,-0.2423	0.3737,-0.2419	0.3738,-0.2418	0.3739,-0.2417	0.3741,-0.2414	0.3743,-0.241	0.3745,-0.2407	0.375,-0.2404	0.375,-0.2404	0.3749,-0.2403	0.3752,-0.2398	0.3755,-0.2397	0.3756,-0.2396	0.3756,-0.2395	0.3757,-0.2395	0.375,-0.2407	0.3738,-0.2425	0.3738,-0.2424	0.3738,-0.2424	0.3744,-0.2424	0.3766,-0.2422	0.3804,-0.2407	0.3848,-0.2383	0.3888,-0.2351	0.3912,-0.2334	0.3933,-0.2295	0.3952,-0.226	0.3974,-0.222	0.3997,-0.2179	0.4019,-0.2139	0.4041,-0.2099	0.4041,-0.2058	0.4054,-0.2019	0.4069,-0.1987	0.4092,-0.1954	0.4117,-0.1918	0.4142,-0.19	0.416,-0.1868	0.4178,-0.1836	0.4192,-0.1801	0.4212,-0.1747	0.4231,-0.1702	0.4247,-0.1662	0.4262,-0.1623	0.4277,-0.1581	0.4292,-0.1547	0.4308,-0.1507	0.4321,-0.1463	0.4333,-0.1416	0.4344,-0.1368	0.4349,-0.1312	0.4355,-0.1256	0.4361,-0.1199	0.4366,-0.1143	0.4372,-0.1087	0.4377,-0.1031	0.4383,-0.09747	0.4389,-0.09185	0.4393,-0.08664	0.4385,-0.0822	0.4362,-0.07834	0.4324,-0.07526	0.4277,-0.07215	0.4229,-0.06905	0.4182,-0.06594	0.4135,-0.06283	0.4088,-0.05972	0.4042,-0.05873	0.4014,-0.06086	0.3953,-0.06204	0.3901,-0.062	0.3875,-0.06223	0.3848,-0.06247	0.3821,-0.0627	0.3795,-0.06294	0.3782,-0.0629	0.3791,-0.06234	0.3771,-0.06314	0.3734,-0.06495	0.3697,-0.06677	0.366,-0.06858	0.3623,-0.0704	0.3597,-0.07209	0.3561,-0.07372	0.3524,-0.07534	0.3491,-0.07665	0.3455,-0.07852	0.342,-0.08004	0.3384,-0.08206	0.3347,-0.08416	0.3308,-0.08683	0.3293,-0.08754	0.3293,-0.08734	0.3279,-0.0882	0.3252,-0.09211	0.323,-0.09705	0.3208,-0.102	0.3185,-0.1069	0.3163,-0.1119	0.314,-0.1168	0.3118,-0.1217	0.3057,-0.1294	0.3011,-0.1336	0.2973,-0.1373	0.2937,-0.1415	0.2901,-0.1456	0.2865,-0.1498	0.2852,-0.1534	0.2821,-0.1571	0.2792,-0.1616	0.2763,-0.1662	0.2729,-0.1705	0.2694,-0.1748	0.2662,-0.1792	0.2629,-0.1837	0.2596,-0.1881	0.2559,-0.1918	0.2538,-0.1959	0.2528,-0.2001	0.2511,-0.2046	0.2487,-0.2092	0.2454,-0.2137	0.2426,-0.2175	0.2403,-0.2227	0.238,-0.2278	0.2358,-0.233	0.2335,-0.2382	0.2312,-0.2433	0.2293,-0.2484	0.2274,-0.2537	0.2255,-0.2591	0.224,-0.264	0.2229,-0.2695	0.2217,-0.2751	0.2206,-0.2806	0.2195,-0.2862	0.2187,-0.2911	0.2191,-0.2965	0.2199,-0.3012	0.2221,-0.3051	0.2256,-0.308	0.2298,-0.3095	0.2345,-0.3093	0.2385,-0.3102	0.2415,-0.3125	0.2445,-0.3148	0.2475,-0.3171	0.2505,-0.3194	0.2535,-0.3217	0.2554,-0.3237	0.2576,-0.3257	0.2564,-0.3263	0.2553,-0.3258	0.2561,-0.3257	0.2557,-0.3226	0.2559,-0.3187	0.2575,-0.3146	0.2593,-0.3103	0.2616,-0.3074	0.2639,-0.3045	0.2662,-0.3015	0.2684,-0.2986	0.2708,-0.2943	0.2734,-0.2881	0.2772,-0.2822	0.2821,-0.2783	0.2867,-0.2752	0.2911,-0.2719	0.2954,-0.2686	0.3,-0.2656	0.3044,-0.2629	0.309,-0.2597	0.3135,-0.2564	0.318,-0.2536	0.3223,-0.25	0.3254,-0.2476	0.329,-0.2436	0.3327,-0.2394	0.3361,-0.2356	0.3396,-0.2315	0.3431,-0.2275	0.3465,-0.2231	0.3496,-0.219	0.3522,-0.2157	0.3551,-0.211	0.3581,-0.2065	0.3618,-0.2023	0.3658,-0.1984	0.3695,-0.1941	0.3732,-0.1899	0.3762,-0.1842	0.3782,-0.1784
19	-0.2084,-0.3903	-0.2065,-0.3873	-0.2035,-0.3825	-0.2004,-0.3778	-0.1973,-0.3731	-0.194,-0.3693	-0.19,-0.3654	-0.1868,-0.3618	-0.1841,-0.3569	-0.1814,-0.352	-0.1786,-0.347	-0.1759,-0.3421	-0.1731,-0.3372	-0.1705,-0.3326	-0.1676,-0.3289	-0.1648,-0.324	-0.1621,-0.3191	-0.1594,-0.3141	-0.1566,-0.3092	-0.1543,-0.3043	-0.1519,-0.2992	-0.1495,-0.2941	-0.1471,-0.2889	-0.1447,-0.2841	-0.1425,-0.2794	-0.1405,-0.2741	-0.1385,-0.2688	-0.1365,-0.2636	-0.1345,-0.2583	-0.1325,-0.253	-0.1305,-0.2477	-0.1285,-0.2424	-0.1265,-0.2372	-0.1245,-0.2319	-0.1225,-0.2266	-0.1205,-0.2213	-0.1185,-0.216	-0.1165,-0.2108	-0.1145,-0.2055	-0.1125,-0.2002	-0.1105,-0.1949	-0.1085,-0.1896	-0.1061,-0.185	-0.1034,-0.1801	-0.1006,-0.1751	-0.0979,-0.1702	-0.09516,-0.1653	-0.09242,-0.1603	-0.08967,-0.1554	-0.08739,-0.1509	-0.08667,-0.1465	-0.08758,-0.1421	-0.08992,-0.137	-0.0923,-0.1318	-0.09468,-0.1267	-0.09668,-0.1217	-0.09868,-0.1164	-0.1007,-0.1111	-0.1027,-0.1058	-0.1047,-0.1006	-0.1067,-0.09529	-0.1087,-0.09001	-0.1107,-0.08472	-0.1127,-0.07944	-0.1149,-0.07449	-0.1173,-0.06937	-0.1196,-0.06425	-0.122,-0.05913	-0.1244,-0.054	-0.1268,-0.04888	-0.1293,-0.0441	-0.1321,-0.03917	-0.1348,-0.03423	-0.1374,-0.02968	-0.1406,-0.02648	-0.1453,-0.02351	-0.1501,-0.02052	-0.1549,-0.01754	-0.1597,-0.01456	-0.1645,-0.01158	-0.1693,-0.008594	-0.1741,-0.005612	-0.1789,-0.00263	-0.183,-0.0007604	-0.188,-0.0004244	-0.1936,-0.0005565	-0.1992,-0.0006885	-0.2045,-0.0005807	-0.2048,0.001778	-0.2041,0.005576	-0.2033,0.009953	-0.2022,0.01695	-0.2023,0.02463	-0.2057,0.03267	-0.2113,0.03913	-0.218,0.04347	-0.2252,0.04564	-0.2318,0.04573	-0.2374,0.04447	-0.2429,0.04313	-0.248,0.04183	-0.2525,0.03943	-0.2574,0.03657	-0.2623,0.03371	-0.2671,0.03086	-0.272,0.028	-0.2769,0.02514	-0.2811,0.02246	-0.284,0.01899	-0.2865,0.01398	-0.289,0.008918	-0.2915,0.003859	-0.294,-0.0012	-0.2965,-0.00626	-0.299,-0.01132	-0.3016,-0.01638	-0.3041,-0.02144	-0.3066,-0.0265	-0.3091,-0.03156	-0.3114,-0.03647	-0.3135,-0.0417	-0.3156,-0.04693	-0.3178,-0.05215	-0.3199,-0.05738	-0.322,-0.06261	-0.3241,-0.06766	-0.325,-0.07249	-0.3256,-0.07811	-0.3261,-0.08355	-0.3257,-0.08869	-0.3251,-0.09429	-0.3244,-0.0999	-0.3237,-0.1055	-0.3231,-0.1111	-0.3224,-0.1167	-0.3217,-0.1223	-0.321,-0.1279	-0.3204,-0.1335	-0.3197,-0.1391	-0.319,-0.1448	-0.3183,-0.1504	-0.3177,-0.156	-0.3178,-0.1607	-0.3187,-0.1663	-0.3197,-0.1718	-0.3206,-0.1774	-0.3217,-0.1825	-0.3235,-0.1878	-0.3254,-0.1919	-0.3289,-0.1963	-0.3325,-0.2007	-0.3358,-0.2048	-0.3399,-0.2082	-0.3443,-0.2117	-0.3487,-0.2153	-0.3531,-0.2188	-0.3573,-0.2219	-0.3622,-0.2248	-0.367,-0.2276	-0.3719,-0.2305	-0.3768,-0.2333	-0.3783,-0.2342	-0.3783,-0.2345	-0.3783,-0.2345	-0.3785,-0.2347	-0.3785,-0.2346	-0.379,-0.2332	-0.3791,-0.233	-0.3791,-0.233	-0.3791,-0.233	-0.3791,-0.233	-0.3791,-0.233	-0.3791,-0.233	-0.3791,-0.233	-0.3791,-0.233	-0.3791,-0.233	-0.3791,-0.233	-0.3791,-0.233	-0.3791,-0.233	-0.3788,-0.2333	-0.3786,-0.2337	-0.3786,-0.2337	-0.3786,-0.2337	-0.3786,-0.2337	-0.3786,-0.2337	-0.3786,-0.2337	-0.3788,-0.234	-0.3788,-0.2339	-0.3789,-0.2339	-0.3789,-0.2338	-0.3792,-0.2336	-0.3795,-0.2332	-0.3797,-0.2327	-0.38,-0.2322	-0.3802,-0.2318	-0.3805,-0.2313	-0.3807,-0.2309	-0.381,-0.2304	-0.3812,-0.23	-0.3814,-0.2293	-0.3817,-0.2287	-0.3817,-0.2287	-0.3818,-0.2286	-0.3818,-0.2285	-0.3819,-0.2284	-0.3819,-0.2283	-0.3819,-0.2282	-0.382,-0.2281	-0.382,-0.228	-0.3821,-0.228	-0.3821,-0.2279	-0.3822,-0.2278	-0.3822,-0.2277	-0.3823,-0.2276	-0.3823,-0.2275	-0.3824,-0.2274	-0.3824,-0.2274	-0.3825,-0.2273	-0.3825,-0.2272	-0.3826,-0.2271	-0.3826,-0.227	-0.3827,-0.2269	-0.3827,-0.2264	-0.3828,-0.2264	-0.3828,-0.2264	-0.3828,-0.2264	-0.3828,-0.2264	-0.3828,-0.2264	-0.3828,-0.2261	-0.3828,-0.2261	-0.3828,-0.2261	-0.3828,-0.2261	-0.3828,-0.2261	-0.3828,-0.2261	-0.3828,-0.2261	-0.3828,-0.2261	-0.3828,-0.2261	-0.3828,-0.2261	-0.3828,-0.2261	-0.3828,-0.2261	-0.3828,-0.2261	-0.383,-0.2262	-0.383,-0.2259	-0.3834,-0.2248	-0.3834,-0.2248	-0.3834,-0.2248	-0.3834,-0.2248	-0.3834,-0.2248	-0.3834,-0.2248	-0.3834,-0.2248	-0.3834,-0.2248	-0.3834,-0.2248	-0.3834,-0.2249	-0.3833,-0.2251	-0.3834,-0.2252	-0.3834,-0.2252	-0.3835,-0.2252	-0.3838,-0.2252	-0.384,-0.2249	-0.3842,-0.2244	-0.3845,-0.224	-0.3847,-0.2235	-0.385,-0.2231	-0.3854,-0.2212	-0.3855,-0.2211	-0.3855,-0.2211	-0.3855,-0.2211	-0.3855,-0.2211	-0.3855,-0.2211	-0.3855,-0.2211	-0.3855,-0.2211	-0.3855,-0.2211	-0.3855,-0.2211	-0.3855,-0.2211	-0.3855,-0.2211	-0.3856,-0.221	-0.3856,-0.221	-0.3855,-0.2211	-0.3855,-0.2211	-0.3855,-0.2211	-0.3855,-0.2211	-0.3855,-0.2211	-0.3855,-0.2211	-0.3855,-0.2211	-0.3855,-0.2211	-0.3855,-0.2211	-0.3855,-0.2211	-0.3855,-0.2211	-0.3855,-0.2211	-0.3854,-0.2214	-0.3854,-0.2216	-0.3854,-0.2214	-0.3854,-0.2213	-0.3854,-0.2213	-0.3854,-0.2213	-0.3854,-0.2213	-0.3854,-0.2213	-0.3856,-0.2215	-0.3866,-0.2212	-0.3872,-0.2201	-0.3879,-0.2189	-0.3885,-0.2177	-0.3892,-0.2165	-0.3909,-0.2155	-0.3921,-0.2135	-0.3933,-0.2113	-0.3946,-0.209	-0.3958,-0.2068	-0.397,-0.2046	-0.3982,-0.2024	-0.3994,-0.2001	-0.4031,-0.1985	-0.4066,-0.1956	-0.4088,-0.1917	-0.4096,-0.1873	-0.4087,-0.1829	-0.4062,-0.1791	-0.4026,-0.1764	-0.3983,-0.1751	-0.3938,-0.1755	-0.3896,-0.1775	-0.3849,-0.1807	-0.3803,-0.1839	-0.3756,-0.1871	-0.371,-0.1903	-0.3663,-0.1936	-0.3617,-0.1968	-0.357,-0.2	-0.3524,-0.2032	-0.3477,-0.2064	-0.3431,-0.2096	-0.3384,-0.2128	-0.3338,-0.216	-0.3301,-0.219	-0.3265,-0.2233	-0.323,-0.2277	-0.3195,-0.2321	-0.3159,-0.2365	-0.3124,-0.2409	-0.309,-0.2452	-0.3069,-0.2492	-0.3064,-0.2537	-0.3076,-0.2582	-0.3098,-0.2634	-0.3121,-0.2686	-0.3143,-0.2738	-0.3166,-0.2789	-0.319,-0.2838	-0.3216,-0.2888	-0.3243,-0.2938	-0.3269,-0.2988	-0.3276,-0.3009	-0.3273,-0.3013	-0.3269,-0.3017	-0.3266,-0.3021	-0.326,-0.3024	-0.3255,-0.3029	-0.3255,-0.3029	-0.3254,-0.303	-0.3253,-0.3031	-0.3253,-0.3032	-0.3252,-0.3032	-0.3251,-0.3033	-0.3251,-0.3034	-0.3253,-0.3041	-0.3245,-0.3054	-0.3242,-0.3082	-0.3229,-0.312	-0.32,-0.3151	-0.3171,-0.3182	-0.3142,-0.3213	-0.3113,-0.3239	-0.3085,-0.3263	-0.3056,-0.3286	-0.3028,-0.331	-0.2999,-0.3334	-0.2971,-0.3357	-0.2942,-0.3381	-0.2914,-0.3404	-0.2885,-0.3428	-0.2857,-0.3451	-0.2828,-0.3475	-0.28,-0.3499	-0.2771,-0.3522	-0.2745,-0.3552	-0.2714,-0.3577	-0.2684,-0.3599	-0.2655,-0.3617	-0.2625,-0.3636	-0.2598,-0.3653	-0.26,-0.3652	-0.26,-0.3652	-0.26,-0.3652	-0.26,-0.3652	-0.2611,-0.3664	-0.2613,-0.37	-0.2604,-0.3738	-0.2591,-0.377	-0.2577,-0.3772	-0.2574,-0.3729	-0.257,-0.3683	-0.2563,-0.3653	-0.2568,-0.3646	-0.2586,-0.366	-0.2592,-0.3649	-0.2572,-0.3621	-0.2539,-0.3599	-0.2494,-0.3581	-0.2471,-0.3572	-0.2393,-0.3548	-0.2346,-0.353	-0.2364,-0.3541	-0.235,-0.3537	-0.2313,-0.3518	-0.226,-0.3487	-0.2238,-0.3477	-0.2196,-0.3458	-0.2163,-0.3445	-0.2131,-0.3432	-0.2099,-0.3419	-0.2071,-0.341	-0.2039,-0.3398	-0.2005,-0.3385	-0.1972,-0.3372	-0.1938,-0.3359	-0.1889,-0.3348	-0.1851,-0.3338	-0.1814,-0.3329	-0.1765,-0.3313	-0.1729,-0.3303	-0.1689,-0.3294	-0.1608,-0.3295	-0.1554,-0.33	-0.1507,-0.3303	-0.146,-0.3306	-0.1413,-0.3308	-0.1359,-0.3308	-0.1294,-0.3304	-0.125,-0.3305	-0.1206,-0.3307	-0.1162,-0.3308	-0.1161,-0.3306	-0.1162,-0.3313	-0.1127,-0.3315	-0.1089,-0.3316	-0.1051,-0.3317	-0.1012,-0.3317	-0.09542,-0.332	-0.09125,-0.332	-0.08488,-0.3308	-0.08069,-0.3304	-0.07653,-0.3303	-0.06915,-0.3313	-0.06496,-0.3317	-0.06077,-0.3322	-0.05658,-0.3326	-0.05239,-0.3331	-0.0482,-0.3335	-0.044,-0.334	-0.03981,-0.3345	-0.03395,-0.3364	-0.0296,-0.3377	-0.02523,-0.3391	-0.01967,-0.3404	-0.01538,-0.3417	-0.01032,-0.3429	-0.003128,-0.3443	0.001487,-0.3464	0.009066,-0.3508	0.01256,-0.353	0.01605,-0.3552	0.01958,-0.3578	0.02315,-0.3615	0.02626,-0.365	0.02928,-0.3683	0.03231,-0.3715	0.03533,-0.3748	0.03751,-0.3772	0.04028,-0.3805	0.03951,-0.3824	0.03657,-0.3824
20	0.04886,0.2068	0.04526,0.208	0.03988,0.2097	0.03451,0.2115	0.02914,0.2132	0.02432,0.2151	0.01926,0.2176	0.01419,0.2201	0.009125,0.2226	0.004059,0.2251	-0.001007,0.2276	-0.006073,0.2301	-0.01114,0.2326	-0.0162,0.2351	-0.02104,0.2375	-0.02591,0.2404	-0.03078,0.2432	-0.03566,0.2461	-0.04053,0.249	-0.0454,0.2518	-0.05027,0.2547	-0.05447,0.2577	-0.05887,0.2613	-0.06328,0.2648	-0.06769,0.2683	-0.0721,0.2718	-0.07651,0.2754	-0.08092,0.2789	-0.08532,0.2824	-0.08973,0.286	-0.09414,0.2895	-0.09855,0.293	-0.103,0.2965	-0.1074,0.3001	-0.1118,0.3036	-0.1162,0.3071	-0.1206,0.3107	-0.125,0.3142	-0.1294,0.3177	-0.1338,0.3212	-0.1382,0.3248	-0.1426,0.3283	-0.1468,0.3314	-0.1517,0.3343	-0.1565,0.3371	-0.1614,0.34	-0.1663,0.3428	-0.1712,0.3457	-0.176,0.3485	-0.1809,0.3514	-0.1858,0.3542	-0.1906,0.3571	-0.1955,0.36	-0.2004,0.3628	-0.2053,0.3657	-0.21,0.3678	-0.2152,0.37	-0.2204,0.3721	-0.2257,0.3742	-0.2309,0.3763	-0.2361,0.3784	-0.2379,0.3773	-0.2397,0.3762	-0.2416,0.375	-0.2434,0.3739	-0.2452,0.3727	-0.247,0.3716	-0.2488,0.3704	-0.2506,0.3693	-0.2524,0.3682	-0.2545,0.3672	-0.2566,0.365	-0.2588,0.3622	-0.2602,0.3613	-0.2605,0.3624	-0.2597,0.3655	-0.2577,0.3695	-0.254,0.3734	-0.2496,0.3762	-0.2453,0.379	-0.2409,0.3817	-0.2365,0.3845	-0.2322,0.3873	-0.2278,0.39	-0.2235,0.3925	-0.2191,0.3945	-0.2138,0.3951	-0.2102,0.3968	-0.2066,0.3985	-0.2027,0.3998	-0.1988,0.401	-0.1958,0.4024	-0.1928,0.4038	-0.1898,0.4052	-0.1869,0.4066	-0.1839,0.408	-0.1804,0.4091	-0.1776,0.4104	-0.175,0.4116	-0.1723,0.4129	-0.1701,0.4153	-0.167,0.4163	-0.1638,0.4174	-0.1606,0.4184	-0.1574,0.4195	-0.1541,0.4205	-0.1511,0.4225	-0.1474,0.4239	-0.1435,0.4251	-0.1397,0.4264	-0.1358,0.4276	-0.1324,0.4303	-0.1278,0.433	-0.1228,0.4351	-0.1179,0.4362	-0.1131,0.4372	-0.1083,0.4381	-0.1037,0.4394	-0.09915,0.4405	-0.09352,0.4409	-0.08789,0.4413	-0.08291,0.4419	-0.07785,0.4437	-0.07257,0.4457	-0.06733,0.4472	-0.06227,0.4477	-0.05731,0.4481	-0.05219,0.4478	-0.04727,0.4475	-0.0428,0.4478	-0.0383,0.4486	-0.0334,0.4484	-0.02808,0.446	-0.02373,0.4444	-0.02194,0.4443	-0.02144,0.4443	-0.02097,0.4443	-0.02049,0.4444	-0.0193,0.4441	-0.0191,0.4445	-0.01864,0.4445	-0.01816,0.4445	-0.01769,0.4446	-0.01722,0.4446	-0.01674,0.4446	-0.01627,0.4446	-0.01569,0.4449	-0.01482,0.445	-0.01393,0.445	-0.01304,0.4451	-0.01147,0.447	-0.008233,0.4497	-0.004049,0.4513	0.0004549,0.4514	0.005356,0.4498	0.01064,0.4478	0.01593,0.4458	0.02121,0.4439	0.02632,0.4419	0.03142,0.4396	0.03655,0.4372	0.04137,0.4348	0.04516,0.4319	0.04912,0.4279	0.05307,0.4239	0.05703,0.4198	0.06098,0.4158	0.06494,0.4118	0.06864,0.4081	0.0729,0.4056	0.07803,0.4033	0.08316,0.4009	0.08829,0.3985	0.09341,0.3962	0.09854,0.3938	0.103,0.3915	0.1073,0.3883	0.112,0.3852	0.1166,0.3822	0.1211,0.3788	0.1256,0.3754	0.1301,0.372	0.1346,0.3686	0.1391,0.3652	0.1436,0.3618	0.1481,0.3583	0.152,0.3549	0.1559,0.3509	0.1596,0.3474	0.164,0.3453	0.1693,0.3433	0.1745,0.3413	0.1798,0.3393	0.1851,0.3373	0.1904,0.3354	0.1957,0.3334	0.201,0.3314	0.2063,0.3294	0.2108,0.3273	0.2155,0.3242	0.2202,0.3211	0.2249,0.318	0.2297,0.315	0.2344,0.3119	0.2391,0.3088	0.2439,0.3057	0.2486,0.3026	0.2533,0.2996	0.2581,0.2965	0.2628,0.2934	0.2628,0.2955	0.2633,0.2998	0.2623,0.3011	0.2619,0.3003	0.262,0.2998	0.2588,0.3018	0.2565,0.3045	0.2559,0.3058	0.2573,0.3123	0.2587,0.3116	0.2579,0.302	0.2575,0.2926	0.2585,0.285	0.26,0.2791	0.2614,0.2765	0.2652,0.2739	0.2684,0.2737	0.2669,0.2779	0.2639,0.2812	0.2599,0.2832	0.255,0.2838	0.2493,0.2839	0.2437,0.2841	0.238,0.2842	0.2324,0.2843	0.2267,0.2844	0.2211,0.2846	0.2154,0.2847	0.2098,0.2848	0.2042,0.285	0.1985,0.2851	0.193,0.2852	0.1877,0.2847	0.1821,0.284	0.1767,0.2835	0.1711,0.2833	0.1654,0.283	0.1598,0.2827	0.1545,0.2825	0.1497,0.2836	0.1444,0.2853	0.139,0.287	0.1338,0.2884	0.1283,0.2898	0.1228,0.2911	0.1173,0.2924	0.1118,0.2938	0.1063,0.2951	0.101,0.2964	0.09641,0.2975	0.09137,0.3	0.08631,0.3025	0.08124,0.305	0.07617,0.3075	0.07111,0.31	0.06604,0.3124	0.06098,0.3149	0.05641,0.317	0.05112,0.318	0.04556,0.3189	0.03999,0.3199	0.03442,0.3208	0.02935,0.322	0.02398,0.3237	0.01861,0.3254	0.01323,0.3272	0.007861,0.3289	0.002488,0.3306	-0.002885,0.3324	-0.007539,0.3332	-0.01319,0.3333	-0.01883,0.3335	-0.02429,0.3336	-0.02964,0.333	-0.03525,0.3323	-0.04085,0.3317	-0.04646,0.331	-0.05206,0.3303	-0.05767,0.3296	-0.06327,0.3289	-0.06888,0.3282	-0.07448,0.3275	-0.08009,0.3268	-0.08528,0.3261	-0.08943,0.3244	-0.0927,0.3213	-0.09539,0.3166	-0.09821,0.3123	-0.1016,0.3078	-0.1051,0.3033	-0.1085,0.2988	-0.1119,0.2943	-0.1153,0.2898	-0.1188,0.2853	-0.1222,0.2809	-0.1256,0.2764	-0.129,0.2719	-0.1323,0.2675	-0.1343,0.2635	-0.1349,0.2584	-0.1353,0.2527	-0.1357,0.2471	-0.1361,0.2415	-0.1365,0.2358	-0.1369,0.2302	-0.1373,0.2246	-0.1377,0.2189	-0.1381,0.2133	-0.1386,0.2077	-0.139,0.202	-0.1394,0.1964	-0.1398,0.1908	-0.1402,0.1851	-0.1406,0.1795	-0.141,0.1739	-0.1415,0.1685	-0.1423,0.1629	-0.1432,0.1576	-0.1445,0.152	-0.1457,0.1465	-0.1469,0.141	-0.1481,0.1355	-0.1493,0.13	-0.1505,0.1245	-0.1514,0.1195	-0.1508,0.1151	-0.1487,0.1111	-0.1453,0.1082	-0.1404,0.1055	-0.1354,0.1029	-0.1304,0.1003	-0.1255,0.09775	-0.1204,0.09549	-0.1152,0.09324	-0.11,0.09098	-0.1049,0.08873	-0.09967,0.08648	-0.0945,0.08422	-0.08932,0.08197	-0.08431,0.07979	-0.07934,0.0772	-0.07498,0.07473	-0.07068,0.07113	-0.06637,0.06749	-0.06205,0.06385	-0.05787,0.06033	-0.05391,0.05818	-0.04851,0.05669	-0.04306,0.0552	-0.03761,0.05372	-0.03216,0.05224	-0.02671,0.05076	-0.02126,0.04927	-0.01581,0.04779	-0.01056,0.04641	-0.01024,0.04675	-0.009691,0.04808	-0.009144,0.04941	-0.008596,0.05073	-0.008049,0.05206	-0.007502,0.05338	-0.006955,0.05471	-0.006,0.05673	-0.005287,0.05819	-0.004573,0.05966	-0.003859,0.06112	-0.003144,0.06259	-0.00243,0.06405	-0.001716,0.06552	-0.001002,0.06698	-0.0002879,0.06845	0.0004262,0.06991	0.00114,0.07138	0.003034,0.07692	0.00468,0.08085	0.004943,0.08288	0.003455,0.08314	0.001957,0.08339	-0.002528,0.07855	-0.006349,0.07263	-0.008847,0.06763	-0.01039,0.06277	-0.01198,0.06384	-0.01292,0.06641	-0.01209,0.06395	-0.0117,0.0639	-0.01286,0.06717	-0.01355,0.06921	-0.01432,0.07239	-0.01498,0.07592	-0.0156,0.08113	-0.01602,0.08486	-0.01645,0.08859	-0.01688,0.09232	-0.0173,0.09605	-0.01773,0.09978	-0.01876,0.1044	-0.01931,0.1079	-0.01985,0.1115	-0.01997,0.1125	-0.01871,0.1114	-0.0163,0.1105	-0.01493,0.1118	-0.01786,0.1154	-0.02004,0.1185	-0.0214,0.1205	-0.02208,0.1179	-0.02274,0.1153	-0.0237,0.1113	-0.02326,0.1069	-0.0217,0.1021	-0.01956,0.09822	-0.01699,0.09529	-0.01754,0.09467	-0.02111,0.0957	-0.02135,0.09584	-0.02408,0.09739	-0.02694,0.09899	-0.02981,0.1006	-0.03267,0.1022	-0.03554,0.1038	-0.03841,0.1054	-0.04127,0.107	-0.04414,0.1086	-0.047,0.1102	-0.04654,0.1104	-0.04205,0.1114	-0.0362,0.1142	-0.03173,0.1189	-0.02919,0.1249	-0.02892,0.1314	-0.03013,0.1312	-0.03088,0.1287	-0.03164,0.1262	-0.03239,0.1237	-0.03278,0.1205	-0.03333,0.1182	-0.03409,0.1152	-0.03473,0.1127	-0.03538,0.1102	-0.03669,0.111	-0.03648,0.1071	-0.03543,0.0995	-0.03529,0.09396	-0.03467,0.09157	-0.03407,0.09029	-0.03392,0.08805	-0.03379,0.08576	-0.03366,0.08348	-0.03353,0.08119	-0.03355,0.08061	-0.03386,0.07876	-0.03414,0.07617	-0.03433,0.07529	-0.03462,0.07365	-0.03494,0.0718	-0.03496,0.06831	-0.0353,0.06439	-0.03621,0.05996	-0.03491,0.05915	-0.03274,0.05942	-0.03057,0.05969	-0.0284,0.05997	-0.02623,0.06024	-0.02406,0.06051	-0.02145,0.06145	-0.01732,0.06594	-0.01503,0.06762	-0.0164,0.06246	-0.01678,0.06125	-0.0188,0.05825
